ReocrdTime: _20250426_111715
IntegrationTime: 200
DataLength: 7305
accumulateCount: 1
Wavelength,Data
195.889,28,
195.938,28,
195.987,25,
196.037,37,
196.086,55,
196.135,57,
196.184,45,
196.233,65,
196.283,18,
196.332,0,
196.381,56,
196.43,27,
196.479,49,
196.529,23,
196.578,18,
196.627,-10,
196.676,55,
196.725,52,
196.774,53,
196.824,27,
196.873,5,
196.922,28,
196.971,32,
197.02,45,
197.069,25,
197.118,28,
197.168,10,
197.217,15,
197.266,27,
197.315,48,
197.364,30,
197.413,3,
197.462,0,
197.511,29,
197.56,41,
197.609,29,
197.658,14,
197.707,15,
197.756,45,
197.805,47,
197.854,43,
197.904,26,
197.953,20,
198.002,18,
198.051,9,
198.1,33,
198.149,40,
198.198,56,
198.247,23,
198.296,36,
198.345,25,
198.393,20,
198.442,49,
198.491,27,
198.54,29,
198.589,0,
198.638,32,
198.687,51,
198.736,72,
198.785,14,
198.834,43,
198.883,47,
198.932,63,
198.981,86,
199.03,41,
199.079,38,
199.127,16,
199.176,38,
199.225,41,
199.274,43,
199.323,18,
199.372,49,
199.421,59,
199.47,30,
199.518,54,
199.567,54,
199.616,58,
199.665,11,
199.714,36,
199.763,61,
199.811,45,
199.86,44,
199.909,25,
199.958,2,
200.007,24,
200.055,53,
200.104,52,
200.153,33,
200.202,20,
200.25,22,
200.299,36,
200.348,52,
200.397,54,
200.445,7,
200.494,36,
200.543,41,
200.592,43,
200.64,18,
200.689,52,
200.738,59,
200.787,29,
200.835,4,
200.884,24,
200.933,60,
200.981,38,
201.03,25,
201.079,27,
201.127,52,
201.176,77,
201.225,55,
201.273,40,
201.322,25,
201.371,16,
201.419,76,
201.468,57,
201.516,45,
201.565,31,
201.614,52,
201.662,28,
201.711,22,
201.759,39,
201.808,18,
201.857,44,
201.905,33,
201.954,83,
202.002,68,
202.051,32,
202.099,22,
202.148,34,
202.197,18,
202.245,63,
202.294,39,
202.342,70,
202.391,46,
202.439,52,
202.488,9,
202.536,65,
202.585,49,
202.633,68,
202.682,61,
202.73,27,
202.779,44,
202.827,63,
202.876,50,
202.924,39,
202.973,63,
203.021,28,
203.069,38,
203.118,64,
203.166,68,
203.215,65,
203.263,30,
203.312,38,
203.36,31,
203.408,72,
203.457,31,
203.505,59,
203.554,20,
203.602,34,
203.65,36,
203.699,83,
203.747,58,
203.795,83,
203.844,30,
203.892,61,
203.941,101,
203.989,88,
204.037,43,
204.086,65,
204.134,20,
204.182,65,
204.23,50,
204.279,74,
204.327,48,
204.375,81,
204.424,66,
204.472,72,
204.52,70,
204.569,109,
204.617,67,
204.665,18,
204.713,68,
204.762,84,
204.81,33,
204.858,108,
204.906,72,
204.955,52,
205.003,45,
205.051,56,
205.099,89,
205.147,129,
205.196,59,
205.244,61,
205.292,52,
205.34,30,
205.388,80,
205.437,79,
205.485,54,
205.533,62,
205.581,66,
205.629,79,
205.677,90,
205.725,70,
205.774,63,
205.822,110,
205.87,58,
205.918,86,
205.966,84,
206.014,82,
206.062,70,
206.11,66,
206.158,83,
206.207,83,
206.255,76,
206.303,77,
206.351,52,
206.399,54,
206.447,109,
206.495,86,
206.543,91,
206.591,72,
206.639,38,
206.687,104,
206.735,70,
206.783,104,
206.831,56,
206.879,94,
206.927,83,
206.975,81,
207.023,101,
207.071,81,
207.119,77,
207.167,73,
207.215,82,
207.263,82,
207.311,124,
207.359,53,
207.407,95,
207.455,84,
207.503,86,
207.551,80,
207.599,74,
207.646,102,
207.694,66,
207.742,70,
207.79,96,
207.838,109,
207.886,133,
207.934,101,
207.982,44,
208.03,82,
208.077,92,
208.125,93,
208.173,90,
208.221,102,
208.269,68,
208.317,132,
208.365,107,
208.412,110,
208.46,93,
208.508,96,
208.556,87,
208.604,134,
208.651,88,
208.699,110,
208.747,90,
208.795,52,
208.843,65,
208.89,104,
208.938,134,
208.986,82,
209.034,48,
209.081,75,
209.129,102,
209.177,123,
209.225,138,
209.272,108,
209.32,79,
209.368,131,
209.415,82,
209.463,115,
209.511,124,
209.559,102,
209.606,100,
209.654,104,
209.702,131,
209.749,110,
209.797,116,
209.845,124,
209.892,95,
209.94,117,
209.988,99,
210.035,95,
210.083,81,
210.13,119,
210.178,128,
210.226,144,
210.273,124,
210.321,115,
210.368,79,
210.416,115,
210.464,104,
210.511,119,
210.559,101,
210.606,120,
210.654,86,
210.701,97,
210.749,113,
210.797,132,
210.844,144,
210.892,118,
210.939,111,
210.987,101,
211.034,104,
211.082,119,
211.129,90,
211.177,131,
211.224,133,
211.272,119,
211.319,122,
211.367,118,
211.414,159,
211.462,181,
211.509,129,
211.556,122,
211.604,124,
211.651,136,
211.699,118,
211.746,111,
211.794,111,
211.841,154,
211.889,141,
211.936,112,
211.983,127,
212.031,126,
212.078,113,
212.125,125,
212.173,164,
212.22,155,
212.268,165,
212.315,186,
212.362,213,
212.41,285,
212.457,308,
212.504,222,
212.552,203,
212.599,161,
212.646,118,
212.694,132,
212.741,149,
212.788,158,
212.836,145,
212.883,131,
212.93,151,
212.977,158,
213.025,164,
213.072,139,
213.119,149,
213.167,178,
213.214,157,
213.261,160,
213.308,172,
213.356,131,
213.403,149,
213.45,140,
213.497,167,
213.544,172,
213.592,135,
213.639,172,
213.686,143,
213.733,145,
213.78,149,
213.828,126,
213.875,129,
213.922,132,
213.969,142,
214.016,136,
214.063,140,
214.111,161,
214.158,143,
214.205,149,
214.252,117,
214.299,119,
214.346,156,
214.393,174,
214.44,184,
214.488,127,
214.535,136,
214.582,193,
214.629,174,
214.676,156,
214.723,137,
214.77,165,
214.817,106,
214.864,167,
214.911,151,
214.958,169,
215.005,174,
215.052,154,
215.099,117,
215.146,158,
215.193,190,
215.24,152,
215.287,192,
215.334,171,
215.381,161,
215.428,145,
215.475,162,
215.522,122,
215.569,183,
215.616,128,
215.663,172,
215.71,174,
215.757,142,
215.804,146,
215.851,118,
215.898,140,
215.945,153,
215.992,151,
216.039,193,
216.085,231,
216.132,155,
216.179,145,
216.226,161,
216.273,164,
216.32,169,
216.367,136,
216.414,163,
216.461,166,
216.507,185,
216.554,199,
216.601,159,
216.648,190,
216.695,177,
216.742,205,
216.788,199,
216.835,138,
216.882,152,
216.929,176,
216.976,180,
217.022,169,
217.069,162,
217.116,169,
217.163,148,
217.209,170,
217.256,183,
217.303,210,
217.35,175,
217.396,265,
217.443,188,
217.49,224,
217.537,170,
217.583,260,
217.63,145,
217.677,162,
217.724,99,
217.77,154,
217.817,197,
217.864,165,
217.91,195,
217.957,145,
218.004,172,
218.05,195,
218.097,156,
218.144,129,
218.19,131,
218.237,181,
218.283,176,
218.33,203,
218.377,214,
218.423,212,
218.47,181,
218.517,150,
218.563,210,
218.61,229,
218.656,211,
218.703,188,
218.75,178,
218.796,207,
218.843,238,
218.889,217,
218.936,213,
218.982,192,
219.029,189,
219.075,190,
219.122,144,
219.168,215,
219.215,199,
219.261,202,
219.308,192,
219.354,183,
219.401,210,
219.447,186,
219.494,196,
219.54,167,
219.587,152,
219.633,159,
219.68,185,
219.726,183,
219.773,236,
219.819,167,
219.866,222,
219.912,181,
219.958,220,
220.005,217,
220.051,212,
220.098,163,
220.144,163,
220.19,186,
220.237,244,
220.283,218,
220.33,207,
220.376,230,
220.422,217,
220.469,271,
220.515,270,
220.561,278,
220.608,219,
220.654,178,
220.7,174,
220.747,265,
220.793,299,
220.839,335,
220.886,299,
220.932,292,
220.978,352,
221.025,411,
221.071,482,
221.117,440,
221.163,509,
221.21,363,
221.256,360,
221.302,296,
221.348,239,
221.395,246,
221.441,257,
221.487,192,
221.533,262,
221.58,204,
221.626,306,
221.672,426,
221.718,454,
221.764,359,
221.811,400,
221.857,391,
221.903,294,
221.949,226,
221.995,251,
222.041,223,
222.088,253,
222.134,226,
222.18,246,
222.226,219,
222.272,206,
222.318,242,
222.364,187,
222.411,161,
222.457,185,
222.503,240,
222.549,174,
222.595,278,
222.641,197,
222.687,239,
222.733,218,
222.779,209,
222.825,221,
222.871,245,
222.917,261,
222.963,235,
223.009,209,
223.055,233,
223.102,253,
223.148,238,
223.194,247,
223.24,219,
223.286,208,
223.332,158,
223.378,254,
223.424,205,
223.469,231,
223.515,223,
223.561,193,
223.607,230,
223.653,178,
223.699,275,
223.745,254,
223.791,189,
223.837,262,
223.883,187,
223.929,226,
223.975,194,
224.021,201,
224.067,187,
224.113,285,
224.158,201,
224.204,224,
224.25,260,
224.296,225,
224.342,260,
224.388,195,
224.434,242,
224.48,262,
224.525,205,
224.571,231,
224.617,244,
224.663,233,
224.709,271,
224.754,172,
224.8,222,
224.846,203,
224.892,191,
224.938,208,
224.983,239,
225.029,197,
225.075,196,
225.121,248,
225.167,203,
225.212,201,
225.258,221,
225.304,214,
225.35,237,
225.395,210,
225.441,210,
225.487,230,
225.532,219,
225.578,205,
225.624,218,
225.67,197,
225.715,219,
225.761,260,
225.807,281,
225.852,225,
225.898,230,
225.944,210,
225.989,265,
226.035,285,
226.08,169,
226.126,262,
226.172,242,
226.217,246,
226.263,255,
226.309,330,
226.354,389,
226.4,441,
226.445,432,
226.491,323,
226.537,263,
226.582,276,
226.628,224,
226.673,221,
226.719,234,
226.764,264,
226.81,255,
226.855,312,
226.901,396,
226.947,486,
226.992,531,
227.038,394,
227.083,338,
227.129,278,
227.174,237,
227.22,233,
227.265,248,
227.311,285,
227.356,256,
227.402,264,
227.447,204,
227.492,238,
227.538,199,
227.583,253,
227.629,219,
227.674,238,
227.72,224,
227.765,229,
227.81,214,
227.856,266,
227.901,242,
227.947,207,
227.992,192,
228.037,217,
228.083,266,
228.128,228,
228.174,243,
228.219,258,
228.264,231,
228.31,172,
228.355,260,
228.4,262,
228.446,249,
228.491,262,
228.536,215,
228.582,280,
228.627,253,
228.672,219,
228.717,249,
228.763,200,
228.808,226,
228.853,255,
228.899,287,
228.944,283,
228.989,266,
229.034,238,
229.08,230,
229.125,252,
229.17,229,
229.215,226,
229.261,265,
229.306,244,
229.351,214,
229.396,269,
229.441,255,
229.487,304,
229.532,247,
229.577,296,
229.622,305,
229.667,321,
229.712,302,
229.758,323,
229.803,246,
229.848,305,
229.893,271,
229.938,270,
229.983,273,
230.028,228,
230.074,205,
230.119,292,
230.164,241,
230.209,237,
230.254,289,
230.299,263,
230.344,308,
230.389,310,
230.434,268,
230.479,260,
230.524,329,
230.569,186,
230.614,231,
230.66,277,
230.705,238,
230.75,236,
230.795,274,
230.84,337,
230.885,245,
230.93,296,
230.975,271,
231.02,223,
231.065,266,
231.11,277,
231.155,241,
231.199,323,
231.244,245,
231.289,256,
231.334,270,
231.379,307,
231.424,282,
231.469,232,
231.514,239,
231.559,226,
231.604,285,
231.649,221,
231.694,279,
231.739,204,
231.783,222,
231.828,262,
231.873,228,
231.918,246,
231.963,278,
232.008,273,
232.053,277,
232.098,253,
232.142,204,
232.187,273,
232.232,286,
232.277,290,
232.322,227,
232.366,246,
232.411,261,
232.456,251,
232.501,314,
232.546,231,
232.59,224,
232.635,269,
232.68,249,
232.725,258,
232.769,278,
232.814,248,
232.859,257,
232.904,231,
232.948,242,
232.993,280,
233.038,230,
233.083,264,
233.127,257,
233.172,206,
233.217,348,
233.261,303,
233.306,296,
233.351,312,
233.395,262,
233.44,244,
233.485,274,
233.529,251,
233.574,251,
233.619,253,
233.663,343,
233.708,221,
233.752,289,
233.797,325,
233.842,314,
233.886,240,
233.931,290,
233.975,273,
234.02,285,
234.065,312,
234.109,237,
234.154,289,
234.198,256,
234.243,256,
234.287,238,
234.332,357,
234.377,292,
234.421,309,
234.466,284,
234.51,326,
234.555,302,
234.599,321,
234.644,276,
234.688,282,
234.733,260,
234.777,267,
234.822,323,
234.866,310,
234.91,280,
234.955,312,
234.999,288,
235.044,312,
235.088,235,
235.133,280,
235.177,267,
235.221,282,
235.266,260,
235.31,260,
235.355,271,
235.399,220,
235.443,255,
235.488,219,
235.532,253,
235.577,312,
235.621,290,
235.665,201,
235.71,297,
235.754,328,
235.798,240,
235.843,278,
235.887,319,
235.931,299,
235.976,278,
236.02,267,
236.064,305,
236.109,242,
236.153,257,
236.197,258,
236.241,291,
236.286,283,
236.33,258,
236.374,273,
236.418,303,
236.463,278,
236.507,292,
236.551,306,
236.595,345,
236.64,298,
236.684,461,
236.728,639,
236.772,716,
236.816,487,
236.861,464,
236.905,366,
236.949,308,
236.993,350,
237.037,298,
237.082,348,
237.126,333,
237.17,316,
237.214,369,
237.258,511,
237.302,748,
237.346,859,
237.39,964,
237.435,638,
237.479,557,
237.523,366,
237.567,296,
237.611,278,
237.655,306,
237.699,274,
237.743,320,
237.787,364,
237.831,359,
237.875,353,
237.919,369,
237.963,285,
238.008,366,
238.052,321,
238.096,372,
238.14,339,
238.184,430,
238.228,405,
238.272,427,
238.316,357,
238.36,335,
238.404,370,
238.447,280,
238.491,330,
238.535,296,
238.579,299,
238.623,335,
238.667,350,
238.711,264,
238.755,308,
238.799,265,
238.843,341,
238.887,391,
238.931,317,
238.975,314,
239.019,321,
239.062,282,
239.106,325,
239.15,286,
239.194,264,
239.238,278,
239.282,303,
239.326,355,
239.369,324,
239.413,287,
239.457,332,
239.501,318,
239.545,280,
239.589,363,
239.632,382,
239.676,361,
239.72,339,
239.764,321,
239.807,328,
239.851,289,
239.895,321,
239.939,277,
239.983,254,
240.026,323,
240.07,324,
240.114,326,
240.158,237,
240.201,228,
240.245,271,
240.289,248,
240.332,295,
240.376,303,
240.42,323,
240.463,348,
240.507,336,
240.551,319,
240.594,312,
240.638,325,
240.682,337,
240.725,311,
240.769,253,
240.813,347,
240.856,291,
240.9,303,
240.944,267,
240.987,325,
241.031,308,
241.074,360,
241.118,357,
241.162,312,
241.205,425,
241.249,331,
241.292,283,
241.336,325,
241.379,307,
241.423,250,
241.466,302,
241.51,249,
241.554,280,
241.597,273,
241.641,291,
241.684,292,
241.728,294,
241.771,291,
241.815,281,
241.858,278,
241.902,267,
241.945,254,
241.989,275,
242.032,272,
242.075,285,
242.119,309,
242.162,282,
242.206,226,
242.249,274,
242.293,226,
242.336,258,
242.379,310,
242.423,276,
242.466,269,
242.51,283,
242.553,290,
242.596,322,
242.64,258,
242.683,271,
242.727,289,
242.77,237,
242.813,273,
242.857,276,
242.9,287,
242.943,247,
242.987,274,
243.03,344,
243.073,305,
243.116,294,
243.16,347,
243.203,244,
243.246,245,
243.29,309,
243.333,255,
243.376,224,
243.419,251,
243.463,433,
243.506,655,
243.549,698,
243.592,591,
243.636,414,
243.679,407,
243.722,366,
243.765,285,
243.809,278,
243.852,262,
243.895,352,
243.938,373,
243.981,253,
244.024,296,
244.068,294,
244.111,346,
244.154,263,
244.197,307,
244.24,247,
244.283,324,
244.327,339,
244.37,324,
244.413,339,
244.456,264,
244.499,278,
244.542,305,
244.585,314,
244.628,301,
244.671,267,
244.714,284,
244.757,317,
244.801,285,
244.844,274,
244.887,305,
244.93,255,
244.973,262,
245.016,314,
245.059,282,
245.102,219,
245.145,303,
245.188,278,
245.231,310,
245.274,308,
245.317,277,
245.36,222,
245.403,237,
245.446,273,
245.489,268,
245.532,282,
245.575,273,
245.617,254,
245.66,277,
245.703,348,
245.746,269,
245.789,300,
245.832,335,
245.875,258,
245.918,294,
245.961,280,
246.004,241,
246.047,319,
246.089,220,
246.132,278,
246.175,243,
246.218,291,
246.261,321,
246.304,309,
246.347,319,
246.389,343,
246.432,235,
246.475,291,
246.518,294,
246.561,262,
246.603,273,
246.646,256,
246.689,268,
246.732,294,
246.775,276,
246.817,276,
246.86,292,
246.903,255,
246.946,373,
246.988,368,
247.031,308,
247.074,275,
247.116,225,
247.159,293,
247.202,231,
247.245,280,
247.287,377,
247.33,332,
247.373,281,
247.415,292,
247.458,299,
247.501,289,
247.543,276,
247.586,276,
247.629,303,
247.671,287,
247.714,321,
247.756,440,
247.799,364,
247.842,685,
247.884,764,
247.927,779,
247.97,603,
248.012,516,
248.055,413,
248.097,291,
248.14,328,
248.182,300,
248.225,269,
248.267,357,
248.31,423,
248.353,525,
248.395,452,
248.438,463,
248.48,387,
248.523,325,
248.565,338,
248.608,262,
248.65,372,
248.693,330,
248.735,317,
248.778,390,
248.82,346,
248.863,474,
248.905,382,
248.947,342,
248.99,361,
249.032,395,
249.075,411,
249.117,497,
249.16,433,
249.202,411,
249.244,329,
249.287,294,
249.329,317,
249.372,269,
249.414,313,
249.456,301,
249.499,299,
249.541,258,
249.583,284,
249.626,343,
249.668,278,
249.71,301,
249.753,278,
249.795,301,
249.837,296,
249.88,303,
249.922,331,
249.964,320,
250.007,285,
250.049,279,
250.091,355,
250.133,330,
250.176,333,
250.218,325,
250.26,316,
250.302,258,
250.345,274,
250.387,285,
250.429,287,
250.471,339,
250.513,309,
250.556,262,
250.598,277,
250.64,549,
250.682,1106,
250.724,1336,
250.767,1159,
250.809,550,
250.851,522,
250.893,303,
250.935,278,
250.977,325,
251.019,290,
251.062,369,
251.104,400,
251.146,432,
251.188,362,
251.23,334,
251.272,343,
251.314,306,
251.356,355,
251.398,796,
251.44,1191,
251.483,1291,
251.525,869,
251.567,1108,
251.609,2007,
251.651,2097,
251.693,1652,
251.735,823,
251.777,781,
251.819,462,
251.861,516,
251.903,976,
251.945,1075,
251.987,1065,
252.029,545,
252.071,566,
252.113,382,
252.155,366,
252.197,284,
252.239,355,
252.281,458,
252.322,563,
252.364,741,
252.406,1325,
252.448,1405,
252.49,1173,
252.532,601,
252.574,608,
252.616,369,
252.658,366,
252.7,316,
252.741,463,
252.783,470,
252.825,1012,
252.867,1373,
252.909,1424,
252.951,784,
252.993,676,
253.034,420,
253.076,432,
253.118,323,
253.16,316,
253.202,301,
253.243,357,
253.285,384,
253.327,310,
253.369,325,
253.41,285,
253.452,301,
253.494,317,
253.536,371,
253.577,316,
253.619,312,
253.661,271,
253.703,283,
253.744,300,
253.786,339,
253.828,273,
253.87,276,
253.911,262,
253.953,283,
253.995,317,
254.036,237,
254.078,276,
254.12,337,
254.161,324,
254.203,366,
254.244,301,
254.286,354,
254.328,312,
254.369,253,
254.411,244,
254.453,305,
254.494,246,
254.536,277,
254.577,314,
254.619,299,
254.66,389,
254.702,262,
254.744,270,
254.785,291,
254.827,302,
254.868,234,
254.91,279,
254.951,290,
254.993,282,
255.034,307,
255.076,240,
255.117,277,
255.159,240,
255.2,321,
255.242,258,
255.283,266,
255.325,273,
255.366,282,
255.408,280,
255.449,222,
255.491,302,
255.532,294,
255.573,249,
255.615,247,
255.656,278,
255.698,248,
255.739,270,
255.781,301,
255.822,277,
255.863,218,
255.905,281,
255.946,298,
255.987,332,
256.029,304,
256.07,203,
256.111,301,
256.153,285,
256.194,314,
256.235,326,
256.277,357,
256.318,364,
256.359,341,
256.401,289,
256.442,255,
256.483,315,
256.525,284,
256.566,291,
256.607,291,
256.648,366,
256.69,339,
256.731,402,
256.772,495,
256.813,561,
256.855,644,
256.896,450,
256.937,397,
256.978,319,
257.019,253,
257.061,282,
257.102,310,
257.143,296,
257.184,296,
257.225,276,
257.266,293,
257.308,330,
257.349,337,
257.39,294,
257.431,338,
257.472,473,
257.513,760,
257.554,846,
257.596,798,
257.637,504,
257.678,383,
257.719,314,
257.76,309,
257.801,295,
257.842,297,
257.883,279,
257.924,283,
257.965,296,
258.006,305,
258.047,334,
258.088,273,
258.129,289,
258.17,300,
258.211,284,
258.252,281,
258.293,308,
258.334,303,
258.375,282,
258.416,259,
258.457,321,
258.498,310,
258.539,291,
258.58,343,
258.621,368,
258.662,352,
258.703,305,
258.744,276,
258.785,276,
258.826,300,
258.867,276,
258.908,360,
258.949,305,
258.989,291,
259.03,351,
259.071,294,
259.112,264,
259.153,278,
259.194,349,
259.235,267,
259.275,310,
259.316,278,
259.357,306,
259.398,264,
259.439,340,
259.48,294,
259.52,280,
259.561,344,
259.602,244,
259.643,314,
259.684,290,
259.724,265,
259.765,320,
259.806,346,
259.847,399,
259.887,467,
259.928,510,
259.969,568,
260.009,515,
260.05,313,
260.091,382,
260.132,299,
260.172,281,
260.213,364,
260.254,254,
260.294,292,
260.335,269,
260.376,322,
260.416,326,
260.457,325,
260.498,296,
260.538,316,
260.579,330,
260.62,321,
260.66,326,
260.701,455,
260.741,341,
260.782,332,
260.823,323,
260.863,388,
260.904,276,
260.944,221,
260.985,222,
261.025,346,
261.066,260,
261.107,303,
261.147,366,
261.188,419,
261.228,396,
261.269,348,
261.309,333,
261.35,289,
261.39,331,
261.431,335,
261.471,271,
261.512,267,
261.552,323,
261.593,278,
261.633,272,
261.673,237,
261.714,312,
261.754,321,
261.795,345,
261.835,336,
261.876,237,
261.916,299,
261.956,226,
261.997,271,
262.037,307,
262.078,318,
262.118,225,
262.158,278,
262.199,292,
262.239,318,
262.279,272,
262.32,284,
262.36,273,
262.4,281,
262.441,312,
262.481,293,
262.521,316,
262.562,286,
262.602,272,
262.642,317,
262.683,336,
262.723,312,
262.763,248,
262.803,260,
262.844,251,
262.884,299,
262.924,288,
262.964,381,
263.005,317,
263.045,306,
263.085,428,
263.125,622,
263.166,680,
263.206,527,
263.246,430,
263.286,384,
263.326,339,
263.366,290,
263.407,269,
263.447,296,
263.487,231,
263.527,293,
263.567,323,
263.607,322,
263.647,303,
263.688,251,
263.728,206,
263.768,323,
263.808,260,
263.848,258,
263.888,331,
263.928,255,
263.968,256,
264.008,263,
264.048,265,
264.088,287,
264.128,321,
264.169,291,
264.209,334,
264.249,305,
264.289,258,
264.329,341,
264.369,314,
264.409,308,
264.449,364,
264.489,305,
264.529,300,
264.569,339,
264.609,352,
264.648,257,
264.688,328,
264.728,346,
264.768,323,
264.808,295,
264.848,307,
264.888,282,
264.928,272,
264.968,296,
265.008,289,
265.048,300,
265.088,285,
265.127,307,
265.167,275,
265.207,287,
265.247,500,
265.287,479,
265.327,422,
265.367,300,
265.406,292,
265.446,328,
265.486,260,
265.526,285,
265.566,305,
265.606,260,
265.645,271,
265.685,285,
265.725,291,
265.765,217,
265.804,288,
265.844,319,
265.884,300,
265.924,296,
265.963,260,
266.003,373,
266.043,580,
266.083,598,
266.122,540,
266.162,338,
266.202,374,
266.241,325,
266.281,235,
266.321,240,
266.36,265,
266.4,348,
266.44,254,
266.479,282,
266.519,264,
266.559,247,
266.598,201,
266.638,267,
266.678,246,
266.717,271,
266.757,278,
266.796,342,
266.836,275,
266.876,250,
266.915,293,
266.955,212,
266.994,242,
267.034,283,
267.073,215,
267.113,267,
267.152,255,
267.192,278,
267.232,296,
267.271,294,
267.311,294,
267.35,254,
267.39,231,
267.429,255,
267.469,296,
267.508,318,
267.547,253,
267.587,264,
267.626,264,
267.666,300,
267.705,264,
267.745,280,
267.784,278,
267.824,284,
267.863,294,
267.902,307,
267.942,337,
267.981,336,
268.021,231,
268.06,258,
268.099,295,
268.139,283,
268.178,226,
268.217,233,
268.257,293,
268.296,269,
268.335,256,
268.348,58,
268.42,58,
268.491,48,
268.563,39,
268.634,67,
268.706,60,
268.777,36,
268.849,77,
268.92,61,
268.992,40,
269.063,54,
269.135,58,
269.206,60,
269.278,72,
269.349,75,
269.421,63,
269.492,106,
269.564,90,
269.635,48,
269.707,41,
269.778,91,
269.85,62,
269.921,70,
269.993,74,
270.064,72,
270.135,91,
270.207,90,
270.278,86,
270.35,60,
270.421,79,
270.493,63,
270.564,74,
270.636,92,
270.707,85,
270.778,84,
270.85,76,
270.921,81,
270.993,81,
271.064,95,
271.135,102,
271.207,103,
271.278,101,
271.35,105,
271.421,120,
271.492,77,
271.564,98,
271.635,102,
271.706,137,
271.778,120,
271.849,108,
271.92,96,
271.992,99,
272.063,100,
272.134,147,
272.206,84,
272.277,233,
272.348,137,
272.42,128,
272.491,207,
272.562,108,
272.634,79,
272.705,168,
272.776,154,
272.848,89,
272.919,87,
272.99,94,
273.061,117,
273.133,137,
273.204,101,
273.275,106,
273.347,102,
273.418,118,
273.489,118,
273.56,111,
273.632,146,
273.703,165,
273.774,157,
273.845,144,
273.916,129,
273.988,105,
274.059,165,
274.13,130,
274.201,132,
274.273,157,
274.344,185,
274.415,135,
274.486,134,
274.557,164,
274.629,185,
274.7,119,
274.771,90,
274.842,128,
274.913,146,
274.984,176,
275.056,206,
275.127,133,
275.198,140,
275.269,242,
275.34,228,
275.411,141,
275.482,120,
275.554,110,
275.625,127,
275.696,152,
275.767,125,
275.838,128,
275.909,168,
275.98,139,
276.051,133,
276.122,115,
276.194,91,
276.265,68,
276.336,122,
276.407,129,
276.478,120,
276.549,113,
276.62,135,
276.691,116,
276.762,111,
276.833,147,
276.904,122,
276.975,86,
277.046,122,
277.117,141,
277.188,131,
277.259,108,
277.33,141,
277.401,98,
277.472,125,
277.543,144,
277.614,98,
277.685,105,
277.756,93,
277.827,92,
277.898,115,
277.969,110,
278.04,93,
278.111,129,
278.182,130,
278.253,186,
278.324,135,
278.395,101,
278.466,99,
278.537,113,
278.608,117,
278.679,149,
278.75,111,
278.821,111,
278.891,125,
278.962,117,
279.033,128,
279.104,153,
279.175,130,
279.246,132,
279.317,146,
279.388,123,
279.459,82,
279.529,125,
279.6,134,
279.671,209,
279.742,356,
279.813,1478,
279.884,811,
279.955,211,
280.025,166,
280.096,221,
280.167,148,
280.238,117,
280.309,134,
280.379,166,
280.45,307,
280.521,984,
280.592,554,
280.663,135,
280.733,118,
280.804,113,
280.875,106,
280.946,125,
281.017,110,
281.087,108,
281.158,165,
281.229,139,
281.3,103,
281.37,117,
281.441,105,
281.512,139,
281.583,166,
281.653,113,
281.724,129,
281.795,135,
281.865,151,
281.936,121,
282.007,101,
282.077,145,
282.148,132,
282.219,151,
282.29,133,
282.36,130,
282.431,111,
282.502,122,
282.572,132,
282.643,69,
282.713,127,
282.784,108,
282.855,134,
282.925,113,
282.996,124,
283.067,75,
283.137,120,
283.208,113,
283.278,157,
283.349,134,
283.42,144,
283.49,134,
283.561,112,
283.631,151,
283.702,168,
283.773,119,
283.843,142,
283.914,141,
283.984,178,
284.055,213,
284.125,139,
284.196,90,
284.266,106,
284.337,139,
284.408,150,
284.478,161,
284.549,168,
284.619,140,
284.69,127,
284.76,151,
284.831,124,
284.901,111,
284.972,120,
285.042,141,
285.112,142,
285.183,113,
285.253,140,
285.324,250,
285.394,994,
285.465,926,
285.535,162,
285.606,185,
285.676,149,
285.746,137,
285.817,148,
285.887,132,
285.958,132,
286.028,141,
286.099,196,
286.169,168,
286.239,192,
286.31,118,
286.38,151,
286.45,168,
286.521,142,
286.591,137,
286.662,156,
286.732,154,
286.802,177,
286.873,163,
286.943,168,
287.013,143,
287.084,144,
287.154,187,
287.224,185,
287.295,144,
287.365,151,
287.435,146,
287.505,163,
287.576,166,
287.646,159,
287.716,128,
287.787,113,
287.857,125,
287.927,190,
287.997,182,
288.068,213,
288.138,201,
288.208,319,
288.278,1032,
288.348,3699,
288.419,742,
288.489,289,
288.559,256,
288.629,245,
288.7,156,
288.77,140,
288.84,182,
288.91,182,
288.98,132,
289.05,200,
289.121,187,
289.191,224,
289.261,186,
289.331,175,
289.401,192,
289.471,141,
289.542,144,
289.612,160,
289.682,182,
289.752,202,
289.822,139,
289.892,170,
289.962,172,
290.032,123,
290.102,159,
290.172,156,
290.243,161,
290.313,158,
290.383,168,
290.453,187,
290.523,176,
290.593,151,
290.663,194,
290.733,184,
290.803,163,
290.873,167,
290.943,143,
291.013,205,
291.083,220,
291.153,174,
291.223,197,
291.293,182,
291.363,185,
291.433,169,
291.503,148,
291.573,206,
291.643,226,
291.713,213,
291.783,175,
291.853,218,
291.923,154,
291.993,162,
292.063,213,
292.132,173,
292.202,207,
292.272,164,
292.342,185,
292.412,156,
292.482,221,
292.552,173,
292.622,180,
292.692,169,
292.761,165,
292.831,216,
292.901,207,
292.971,220,
293.041,183,
293.111,192,
293.181,183,
293.25,202,
293.32,209,
293.39,148,
293.46,165,
293.53,158,
293.599,188,
293.669,146,
293.739,173,
293.809,225,
293.879,274,
293.948,206,
294.018,194,
294.088,163,
294.158,154,
294.227,181,
294.297,237,
294.367,256,
294.437,225,
294.506,209,
294.576,172,
294.646,202,
294.715,192,
294.785,181,
294.855,244,
294.925,372,
294.994,295,
295.064,230,
295.134,218,
295.203,152,
295.273,152,
295.343,191,
295.412,190,
295.482,250,
295.551,263,
295.621,166,
295.691,221,
295.76,315,
295.83,297,
295.9,199,
295.969,213,
296.039,215,
296.108,258,
296.178,216,
296.247,206,
296.317,229,
296.387,185,
296.456,235,
296.526,252,
296.595,222,
296.665,194,
296.734,269,
296.804,505,
296.873,237,
296.943,257,
297.012,181,
297.082,221,
297.151,276,
297.221,257,
297.29,197,
297.36,234,
297.429,421,
297.499,250,
297.568,203,
297.638,257,
297.707,189,
297.776,217,
297.846,198,
297.915,199,
297.985,209,
298.054,173,
298.123,207,
298.193,233,
298.262,252,
298.332,226,
298.401,218,
298.47,404,
298.54,248,
298.609,204,
298.679,178,
298.748,220,
298.817,283,
298.887,399,
298.956,212,
299.025,214,
299.094,201,
299.164,194,
299.233,182,
299.302,186,
299.372,199,
299.441,177,
299.51,348,
299.58,340,
299.649,226,
299.718,168,
299.787,151,
299.857,205,
299.926,216,
299.995,207,
300.064,228,
300.133,215,
300.203,379,
300.272,171,
300.341,173,
300.41,195,
300.479,218,
300.549,186,
300.618,247,
300.687,213,
300.756,212,
300.825,232,
300.894,303,
300.964,278,
301.033,280,
301.102,217,
301.171,177,
301.24,192,
301.309,211,
301.378,243,
301.447,186,
301.516,249,
301.586,238,
301.655,202,
301.724,195,
301.793,202,
301.862,206,
301.931,226,
302,218,
302.069,209,
302.138,731,
302.207,684,
302.276,249,
302.345,228,
302.414,221,
302.483,202,
302.552,245,
302.621,192,
302.69,275,
302.759,206,
302.828,163,
302.897,188,
302.966,185,
303.035,168,
303.104,188,
303.173,171,
303.242,221,
303.31,159,
303.379,204,
303.448,128,
303.517,190,
303.586,161,
303.655,192,
303.724,207,
303.793,238,
303.862,290,
303.93,146,
303.999,139,
304.068,173,
304.137,193,
304.206,104,
304.275,228,
304.343,165,
304.412,180,
304.481,196,
304.55,195,
304.619,196,
304.687,175,
304.756,173,
304.825,342,
304.894,264,
304.962,200,
305.031,170,
305.1,177,
305.169,218,
305.237,189,
305.306,168,
305.375,171,
305.444,170,
305.512,187,
305.581,204,
305.65,213,
305.718,178,
305.787,209,
305.856,226,
305.924,226,
305.993,373,
306.062,226,
306.13,161,
306.199,154,
306.268,228,
306.336,156,
306.405,173,
306.473,187,
306.542,221,
306.611,171,
306.679,327,
306.748,290,
306.816,216,
306.885,168,
306.953,168,
307.022,200,
307.09,159,
307.159,140,
307.228,181,
307.296,265,
307.365,336,
307.433,242,
307.502,175,
307.57,338,
307.639,381,
307.707,173,
307.776,155,
307.844,190,
307.912,417,
307.981,417,
308.049,207,
308.118,180,
308.186,317,
308.255,1857,
308.323,2664,
308.391,369,
308.46,229,
308.528,159,
308.597,209,
308.665,178,
308.733,214,
308.802,252,
308.87,682,
308.938,293,
309.007,223,
309.075,258,
309.143,250,
309.212,333,
309.28,735,
309.348,5391,
309.417,1357,
309.485,355,
309.553,263,
309.622,231,
309.69,219,
309.758,232,
309.826,224,
309.895,197,
309.963,134,
310.031,259,
310.099,238,
310.167,199,
310.236,216,
310.304,182,
310.372,197,
310.44,206,
310.508,182,
310.577,187,
310.645,230,
310.713,238,
310.781,178,
310.849,179,
310.917,146,
310.986,192,
311.054,169,
311.122,208,
311.19,211,
311.258,193,
311.326,171,
311.394,130,
311.462,182,
311.53,193,
311.598,166,
311.666,160,
311.735,208,
311.803,178,
311.871,204,
311.939,194,
312.007,149,
312.075,163,
312.143,201,
312.211,201,
312.279,146,
312.347,168,
312.415,166,
312.483,156,
312.551,156,
312.619,148,
312.686,178,
312.754,157,
312.822,186,
312.89,184,
312.958,196,
313.026,190,
313.094,194,
313.162,247,
313.23,185,
313.298,199,
313.366,173,
313.433,204,
313.501,193,
313.569,181,
313.637,203,
313.705,161,
313.773,168,
313.84,175,
313.908,204,
313.976,185,
314.044,193,
314.112,157,
314.179,202,
314.247,193,
314.315,174,
314.383,188,
314.45,223,
314.518,169,
314.586,190,
314.654,159,
314.721,203,
314.789,159,
314.857,192,
314.925,233,
314.992,172,
315.06,180,
315.128,156,
315.195,190,
315.263,205,
315.331,254,
315.398,194,
315.466,175,
315.533,211,
315.601,218,
315.669,219,
315.736,207,
315.804,202,
315.871,165,
315.939,320,
316.007,276,
316.074,204,
316.142,240,
316.209,326,
316.277,319,
316.344,345,
316.412,197,
316.479,190,
316.547,137,
316.614,147,
316.682,189,
316.749,156,
316.817,177,
316.884,348,
316.952,391,
317.019,209,
317.087,230,
317.154,168,
317.222,185,
317.289,194,
317.357,206,
317.424,182,
317.491,153,
317.559,166,
317.626,192,
317.694,161,
317.761,196,
317.828,192,
317.896,228,
317.963,358,
318.03,523,
318.098,234,
318.165,242,
318.232,297,
318.3,238,
318.367,208,
318.434,269,
318.501,221,
318.569,187,
318.636,202,
318.703,340,
318.771,287,
318.838,192,
318.905,158,
318.972,201,
319.039,187,
319.107,285,
319.174,355,
319.241,389,
319.308,341,
319.375,192,
319.443,216,
319.51,137,
319.577,212,
319.644,173,
319.711,180,
319.778,228,
319.845,201,
319.913,207,
319.98,202,
320.047,465,
320.114,372,
320.181,230,
320.248,224,
320.315,293,
320.382,226,
320.449,234,
320.516,216,
320.583,213,
320.65,129,
320.717,202,
320.784,179,
320.851,196,
320.918,151,
320.985,177,
321.052,188,
321.119,245,
321.186,187,
321.253,192,
321.32,187,
321.387,191,
321.454,250,
321.521,257,
321.588,190,
321.655,182,
321.722,286,
321.789,417,
321.855,224,
321.922,227,
321.989,171,
322.056,222,
322.123,197,
322.19,216,
322.257,222,
322.323,336,
322.39,392,
322.457,233,
322.524,223,
322.591,230,
322.657,243,
322.724,197,
322.791,171,
322.858,238,
322.924,302,
322.991,446,
323.058,266,
323.125,185,
323.191,240,
323.258,218,
323.325,267,
323.391,257,
323.458,410,
323.525,1603,
323.591,469,
323.658,363,
323.725,1181,
323.791,436,
323.858,226,
323.925,411,
323.991,986,
324.058,322,
324.124,232,
324.191,266,
324.258,751,
324.324,466,
324.391,170,
324.457,248,
324.524,183,
324.59,233,
324.657,183,
324.723,142,
324.79,237,
324.856,252,
324.923,403,
324.989,267,
325.056,155,
325.122,227,
325.189,228,
325.255,338,
325.322,375,
325.388,480,
325.455,290,
325.521,362,
325.587,194,
325.654,190,
325.72,168,
325.787,186,
325.853,240,
325.919,180,
325.986,182,
326.052,216,
326.118,206,
326.185,234,
326.251,410,
326.317,218,
326.384,202,
326.45,164,
326.516,182,
326.583,249,
326.649,216,
326.715,204,
326.781,173,
326.848,226,
326.914,192,
326.98,188,
327.046,147,
327.113,193,
327.179,198,
327.245,269,
327.311,266,
327.377,220,
327.444,204,
327.51,219,
327.576,204,
327.642,224,
327.708,212,
327.774,182,
327.84,199,
327.906,282,
327.973,297,
328.039,204,
328.105,251,
328.171,200,
328.237,235,
328.303,231,
328.369,212,
328.435,226,
328.501,198,
328.567,195,
328.633,203,
328.699,214,
328.765,261,
328.831,279,
328.897,255,
328.963,231,
329.029,134,
329.095,236,
329.161,156,
329.227,207,
329.293,240,
329.359,189,
329.425,250,
329.49,217,
329.556,220,
329.622,242,
329.688,211,
329.754,240,
329.82,197,
329.886,200,
329.951,180,
330.017,211,
330.083,161,
330.149,171,
330.215,235,
330.281,267,
330.346,333,
330.412,235,
330.478,197,
330.544,175,
330.609,232,
330.675,214,
330.741,260,
330.807,245,
330.872,230,
330.938,254,
331.004,238,
331.069,228,
331.135,213,
331.201,205,
331.266,228,
331.332,247,
331.398,209,
331.463,214,
331.529,264,
331.594,214,
331.66,206,
331.726,227,
331.791,202,
331.857,202,
331.922,273,
331.988,233,
332.053,263,
332.119,220,
332.185,241,
332.25,309,
332.316,289,
332.381,753,
332.447,263,
332.512,220,
332.578,222,
332.643,282,
332.708,275,
332.774,300,
332.839,276,
332.905,182,
332.97,288,
333.036,560,
333.101,345,
333.166,328,
333.232,262,
333.297,346,
333.363,322,
333.428,228,
333.493,236,
333.559,297,
333.624,468,
333.689,242,
333.755,308,
333.82,271,
333.885,284,
333.95,254,
334.016,271,
334.081,350,
334.146,418,
334.211,358,
334.277,1071,
334.342,414,
334.407,310,
334.472,302,
334.538,265,
334.603,254,
334.668,244,
334.733,225,
334.798,238,
334.863,252,
334.928,466,
334.994,1936,
335.059,2040,
335.124,327,
335.189,256,
335.254,245,
335.319,242,
335.384,237,
335.449,248,
335.514,336,
335.579,535,
335.644,211,
335.709,214,
335.774,206,
335.84,217,
335.905,280,
335.969,288,
336.034,283,
336.099,252,
336.164,696,
336.229,1907,
336.294,365,
336.359,237,
336.424,195,
336.489,139,
336.554,216,
336.619,194,
336.684,211,
336.749,204,
336.814,242,
336.878,185,
336.943,221,
337.008,235,
337.073,287,
337.138,312,
337.203,449,
337.267,609,
337.332,721,
337.397,1250,
337.462,296,
337.526,207,
337.591,231,
337.656,204,
337.721,151,
337.785,213,
337.85,353,
337.915,231,
337.98,216,
338.044,238,
338.109,351,
338.174,334,
338.238,202,
338.303,201,
338.368,211,
338.432,636,
338.497,1075,
338.561,245,
338.626,182,
338.691,329,
338.755,240,
338.82,216,
338.884,457,
338.949,240,
339.013,200,
339.078,213,
339.142,194,
339.207,184,
339.271,209,
339.336,234,
339.4,226,
339.465,201,
339.529,290,
339.594,290,
339.658,212,
339.723,169,
339.787,160,
339.852,173,
339.916,192,
339.98,200,
340.045,182,
340.109,185,
340.173,176,
340.238,178,
340.302,187,
340.367,171,
340.431,128,
340.495,183,
340.559,199,
340.624,166,
340.688,159,
340.752,202,
340.817,145,
340.881,213,
340.945,185,
341.009,152,
341.074,170,
341.138,146,
341.202,170,
341.266,168,
341.33,116,
341.395,159,
341.459,189,
341.523,156,
341.587,208,
341.651,213,
341.715,180,
341.779,159,
341.844,173,
341.908,172,
341.972,173,
342.036,153,
342.1,137,
342.164,154,
342.228,136,
342.292,127,
342.356,175,
342.42,163,
342.484,180,
342.548,144,
342.612,152,
342.676,137,
342.74,153,
342.804,182,
342.868,124,
342.932,138,
342.996,133,
343.06,173,
343.124,162,
343.188,187,
343.251,151,
343.315,146,
343.379,142,
343.443,136,
343.507,146,
343.571,240,
343.635,206,
343.698,208,
343.762,172,
343.826,206,
343.89,246,
343.954,259,
344.017,258,
344.081,201,
344.145,535,
344.209,626,
344.272,209,
344.336,187,
344.4,147,
344.464,203,
344.527,343,
344.591,202,
344.655,181,
344.718,163,
344.782,178,
344.845,163,
344.909,194,
344.973,151,
345.036,123,
345.1,127,
345.164,187,
345.227,180,
345.291,173,
345.354,128,
345.418,188,
345.481,137,
345.545,133,
345.608,156,
345.672,88,
345.735,168,
345.799,207,
345.862,153,
345.926,166,
345.989,142,
346.053,148,
346.116,163,
346.18,171,
346.243,211,
346.306,221,
346.37,157,
346.433,174,
346.496,180,
346.56,135,
346.623,165,
346.687,230,
346.75,192,
346.813,173,
346.876,129,
346.94,158,
347.003,125,
347.066,175,
347.13,182,
347.193,146,
347.256,188,
347.319,144,
347.383,149,
347.446,139,
347.509,161,
347.572,177,
347.635,281,
347.699,276,
347.762,279,
347.825,221,
347.888,179,
347.951,202,
348.014,151,
348.077,173,
348.14,147,
348.204,139,
348.267,175,
348.33,183,
348.393,171,
348.456,140,
348.519,132,
348.582,155,
348.645,152,
348.708,175,
348.771,163,
348.834,172,
348.897,144,
348.96,151,
349.023,161,
349.086,178,
349.149,249,
349.212,281,
349.274,176,
349.337,175,
349.4,159,
349.463,139,
349.526,180,
349.589,137,
349.652,182,
349.715,178,
349.777,149,
349.84,154,
349.903,155,
349.966,187,
350.029,151,
350.091,166,
350.154,147,
350.217,148,
350.28,155,
350.342,135,
350.405,170,
350.468,146,
350.53,135,
350.593,271,
350.656,221,
350.718,113,
350.781,173,
350.844,136,
350.906,189,
350.969,140,
351.032,158,
351.094,190,
351.157,193,
351.219,254,
351.282,163,
351.344,149,
351.407,130,
351.47,216,
351.532,168,
351.595,149,
351.657,183,
351.72,166,
351.782,156,
351.845,149,
351.907,157,
351.969,160,
352.032,147,
352.094,182,
352.157,211,
352.219,216,
352.282,203,
352.344,154,
352.406,139,
352.469,158,
352.531,213,
352.593,217,
352.656,160,
352.718,200,
352.78,183,
352.843,190,
352.905,161,
352.967,175,
353.029,158,
353.092,166,
353.154,219,
353.216,149,
353.278,145,
353.341,174,
353.403,185,
353.465,163,
353.527,177,
353.589,144,
353.651,183,
353.714,172,
353.776,175,
353.838,214,
353.9,183,
353.962,190,
354.024,156,
354.086,156,
354.148,180,
354.21,213,
354.272,193,
354.334,216,
354.396,188,
354.458,197,
354.52,201,
354.582,216,
354.644,212,
354.706,198,
354.768,199,
354.83,213,
354.892,184,
354.954,221,
355.016,195,
355.078,212,
355.14,183,
355.202,165,
355.264,207,
355.325,214,
355.387,218,
355.449,211,
355.511,245,
355.573,214,
355.635,229,
355.696,181,
355.758,201,
355.82,191,
355.882,194,
355.943,224,
356.005,295,
356.067,180,
356.129,186,
356.19,180,
356.252,200,
356.314,194,
356.375,196,
356.437,168,
356.499,199,
356.56,193,
356.622,360,
356.683,442,
356.745,231,
356.807,139,
356.868,160,
356.93,153,
356.991,196,
357.053,221,
357.114,721,
357.176,446,
357.237,130,
357.299,158,
357.36,199,
357.422,214,
357.483,206,
357.545,223,
357.606,237,
357.668,184,
357.729,202,
357.79,198,
357.852,193,
357.913,233,
357.975,321,
358.036,312,
358.097,207,
358.159,343,
358.22,1124,
358.281,912,
358.343,312,
358.404,341,
358.465,393,
358.526,370,
358.588,312,
358.649,423,
358.71,446,
358.771,238,
358.833,339,
358.894,249,
358.955,227,
359.016,226,
359.077,211,
359.139,307,
359.2,233,
359.261,184,
359.322,151,
359.383,180,
359.444,268,
359.505,293,
359.566,165,
359.627,159,
359.688,162,
359.749,169,
359.81,206,
359.871,103,
359.932,153,
359.993,217,
360.054,184,
360.115,168,
360.176,137,
360.237,211,
360.298,173,
360.359,215,
360.42,231,
360.481,130,
360.542,144,
360.603,192,
360.664,247,
360.724,172,
360.785,180,
360.846,149,
360.907,211,
360.968,332,
361.029,447,
361.089,204,
361.15,226,
361.211,146,
361.272,156,
361.332,166,
361.393,158,
361.454,152,
361.515,190,
361.575,166,
361.636,176,
361.697,167,
361.757,149,
361.818,160,
361.878,204,
361.939,267,
362,590,
362.06,194,
362.121,167,
362.181,175,
362.242,142,
362.303,165,
362.363,120,
362.424,153,
362.484,213,
362.545,150,
362.605,161,
362.666,139,
362.726,165,
362.787,190,
362.847,176,
362.907,159,
362.968,161,
363.028,180,
363.089,189,
363.149,218,
363.209,334,
363.27,549,
363.33,214,
363.39,185,
363.451,200,
363.511,146,
363.571,172,
363.632,474,
363.692,490,
363.752,148,
363.812,156,
363.873,118,
363.933,147,
363.993,132,
364.053,175,
364.114,171,
364.174,192,
364.234,202,
364.294,182,
364.354,617,
364.414,549,
364.474,195,
364.535,223,
364.595,209,
364.655,157,
364.715,158,
364.775,221,
364.835,158,
364.895,516,
364.955,266,
365.015,159,
365.075,197,
365.135,149,
365.195,164,
365.255,191,
365.315,166,
365.375,163,
365.435,677,
365.495,547,
365.555,192,
365.614,138,
365.674,171,
365.734,89,
365.794,190,
365.854,164,
365.914,214,
365.974,139,
366.033,144,
366.093,139,
366.153,175,
366.213,170,
366.273,147,
366.332,140,
366.392,104,
366.452,159,
366.511,170,
366.571,148,
366.631,105,
366.69,101,
366.75,151,
366.81,172,
366.869,114,
366.929,128,
366.989,166,
367.048,187,
367.108,164,
367.167,122,
367.227,178,
367.287,156,
367.346,108,
367.406,151,
367.465,147,
367.525,113,
367.584,126,
367.644,142,
367.703,162,
367.763,132,
367.822,144,
367.881,166,
367.941,186,
368,126,
368.06,211,
368.119,199,
368.178,132,
368.238,161,
368.297,156,
368.356,182,
368.416,170,
368.475,170,
368.534,197,
368.594,809,
368.653,595,
368.712,173,
368.771,154,
368.831,236,
368.89,187,
368.949,130,
369.008,111,
369.067,144,
369.127,154,
369.186,151,
369.245,165,
369.304,141,
369.363,112,
369.422,136,
369.481,171,
369.54,161,
369.599,193,
369.659,134,
369.718,140,
369.777,163,
369.836,141,
369.895,155,
369.954,135,
370.013,107,
370.072,152,
370.131,154,
370.19,189,
370.248,120,
370.307,124,
370.366,168,
370.425,177,
370.484,186,
370.543,166,
370.602,199,
370.661,341,
370.719,248,
370.778,189,
370.837,170,
370.896,154,
370.955,182,
371.013,262,
371.072,207,
371.131,183,
371.19,136,
371.248,170,
371.307,163,
371.366,163,
371.424,150,
371.483,165,
371.542,146,
371.6,134,
371.659,131,
371.718,149,
371.776,165,
371.835,172,
371.893,175,
371.952,201,
372.011,356,
372.069,1125,
372.128,369,
372.186,161,
372.245,187,
372.303,295,
372.362,268,
372.42,133,
372.479,205,
372.537,206,
372.595,188,
372.654,141,
372.712,144,
372.771,192,
372.829,264,
372.887,212,
372.946,123,
373.004,239,
373.062,327,
373.121,202,
373.179,154,
373.237,117,
373.296,147,
373.354,232,
373.412,288,
373.47,250,
373.529,943,
373.587,821,
373.645,194,
373.703,264,
373.761,910,
373.819,493,
373.878,162,
373.936,169,
373.994,162,
374.052,151,
374.11,222,
374.168,421,
374.226,303,
374.284,189,
374.342,138,
374.4,232,
374.458,163,
374.516,173,
374.574,375,
374.632,643,
374.69,259,
374.748,159,
374.806,165,
374.864,406,
374.922,348,
374.98,736,
375.038,600,
375.096,187,
375.154,157,
375.211,171,
375.269,200,
375.327,532,
375.385,351,
375.443,172,
375.5,200,
375.558,114,
375.616,137,
375.674,139,
375.731,192,
375.789,221,
375.847,521,
375.905,448,
375.962,739,
376.02,487,
376.078,210,
376.135,381,
376.193,603,
376.25,216,
376.308,171,
376.366,196,
376.423,384,
376.481,235,
376.538,158,
376.596,199,
376.653,171,
376.711,221,
376.768,280,
376.826,233,
376.883,173,
376.941,123,
376.998,113,
377.056,173,
377.113,142,
377.17,172,
377.228,202,
377.285,141,
377.343,129,
377.4,156,
377.457,185,
377.515,178,
377.572,142,
377.629,180,
377.686,151,
377.744,156,
377.801,163,
377.858,112,
377.915,135,
377.973,110,
378.03,182,
378.087,127,
378.144,149,
378.201,169,
378.259,117,
378.316,118,
378.373,147,
378.43,149,
378.487,132,
378.544,184,
378.601,199,
378.658,176,
378.715,151,
378.772,166,
378.829,176,
378.886,230,
378.943,163,
379,132,
379.057,162,
379.114,130,
379.171,124,
379.228,161,
379.285,187,
379.342,151,
379.399,150,
379.456,184,
379.513,264,
379.569,188,
379.626,169,
379.683,144,
379.74,136,
379.797,209,
379.853,199,
379.91,192,
379.967,230,
380.024,194,
380.08,155,
380.137,211,
380.194,154,
380.25,117,
380.307,188,
380.364,136,
380.42,188,
380.477,216,
380.534,153,
380.59,162,
380.647,175,
380.703,165,
380.76,211,
380.817,182,
380.873,129,
380.93,224,
380.986,201,
381.043,185,
381.099,202,
381.156,192,
381.212,209,
381.268,256,
381.325,210,
381.381,172,
381.438,228,
381.494,214,
381.55,393,
381.607,377,
381.663,173,
381.719,214,
381.776,233,
381.832,185,
381.888,255,
381.945,277,
382.001,669,
382.057,617,
382.113,257,
382.17,254,
382.226,206,
382.282,188,
382.338,170,
382.394,338,
382.45,348,
382.507,357,
382.563,643,
382.619,296,
382.675,279,
382.731,329,
382.787,350,
382.843,227,
382.899,334,
382.955,264,
383.011,240,
383.067,269,
383.123,258,
383.179,461,
383.235,391,
383.291,269,
383.347,389,
383.403,394,
383.459,279,
383.515,228,
383.571,209,
383.626,290,
383.682,245,
383.738,432,
383.794,603,
383.85,302,
383.906,271,
383.961,306,
384.017,461,
384.073,333,
384.129,283,
384.184,243,
384.24,293,
384.296,192,
384.351,269,
384.407,265,
384.463,250,
384.518,307,
384.574,234,
384.63,288,
384.685,265,
384.741,308,
384.796,302,
384.852,328,
384.907,382,
384.963,487,
385.019,415,
385.074,343,
385.129,264,
385.185,326,
385.24,320,
385.296,346,
385.351,417,
385.407,415,
385.462,283,
385.518,353,
385.573,413,
385.628,310,
385.684,264,
385.739,324,
385.794,281,
385.85,420,
385.905,871,
385.96,588,
386.015,432,
386.071,486,
386.126,326,
386.181,225,
386.236,267,
386.291,241,
386.347,258,
386.402,236,
386.457,292,
386.512,294,
386.567,264,
386.622,283,
386.677,271,
386.733,324,
386.788,312,
386.843,300,
386.898,403,
386.953,506,
386.96,378,
387.055,378,
387.151,366,
387.246,401,
387.342,426,
387.437,495,
387.532,482,
387.628,444,
387.723,288,
387.818,289,
387.914,259,
388.009,314,
388.104,372,
388.2,401,
388.295,470,
388.391,475,
388.486,602,
388.581,644,
388.677,802,
388.772,618,
388.867,350,
388.963,314,
389.058,313,
389.153,270,
389.249,236,
389.344,204,
389.439,193,
389.535,277,
389.63,220,
389.725,241,
389.821,223,
389.916,248,
390.011,245,
390.107,239,
390.202,241,
390.297,291,
390.392,266,
390.488,270,
390.583,297,
390.678,332,
390.774,447,
390.869,602,
390.964,729,
391.06,407,
391.155,267,
391.25,329,
391.345,257,
391.441,275,
391.536,344,
391.631,333,
391.727,374,
391.822,330,
391.917,314,
392.012,314,
392.108,350,
392.203,314,
392.298,279,
392.393,349,
392.489,385,
392.584,363,
392.679,406,
392.774,365,
392.87,343,
392.965,428,
393.06,463,
393.155,497,
393.251,522,
393.346,839,
393.441,1490,
393.536,2656,
393.632,6357,
393.727,8376,
393.822,2206,
393.917,554,
394.013,444,
394.108,442,
394.203,421,
394.298,454,
394.393,714,
394.489,1260,
394.584,2532,
394.679,4943,
394.774,5215,
394.869,933,
394.965,596,
395.06,550,
395.155,608,
395.25,555,
395.345,427,
395.44,447,
395.536,457,
395.631,450,
395.726,488,
395.821,595,
395.916,641,
396.011,766,
396.107,971,
396.202,1806,
396.297,3211,
396.392,6843,
396.487,7982,
396.582,1819,
396.677,734,
396.773,750,
396.868,1364,
396.963,2198,
397.058,5190,
397.153,7600,
397.248,2294,
397.343,541,
397.438,441,
397.533,463,
397.629,469,
397.724,462,
397.819,371,
397.914,360,
398.009,390,
398.104,410,
398.199,470,
398.294,461,
398.389,547,
398.484,602,
398.579,445,
398.674,459,
398.77,438,
398.865,426,
398.96,465,
399.055,487,
399.15,689,
399.245,736,
399.34,609,
399.435,627,
399.53,687,
399.625,740,
399.72,768,
399.815,747,
399.91,770,
400.005,843,
400.1,885,
400.195,749,
400.29,470,
400.385,470,
400.48,492,
400.575,472,
400.67,486,
400.765,520,
400.86,456,
400.955,442,
401.05,466,
401.145,477,
401.24,479,
401.335,482,
401.43,469,
401.525,448,
401.62,420,
401.715,462,
401.81,458,
401.905,463,
402,415,
402.095,442,
402.189,463,
402.284,438,
402.379,513,
402.474,459,
402.569,520,
402.664,507,
402.759,525,
402.854,488,
402.949,511,
403.044,530,
403.139,491,
403.233,560,
403.328,598,
403.423,604,
403.518,591,
403.613,575,
403.708,552,
403.803,561,
403.898,555,
403.992,492,
404.087,506,
404.182,588,
404.277,571,
404.372,524,
404.467,578,
404.562,678,
404.656,836,
404.751,841,
404.846,841,
404.941,630,
405.036,571,
405.13,561,
405.225,557,
405.32,540,
405.415,493,
405.51,573,
405.604,477,
405.699,575,
405.794,516,
405.889,502,
405.984,554,
406.078,557,
406.173,576,
406.268,541,
406.363,592,
406.457,612,
406.552,713,
406.647,637,
406.742,568,
406.836,597,
406.931,657,
407.026,665,
407.12,647,
407.215,644,
407.31,768,
407.405,783,
407.499,702,
407.594,645,
407.689,822,
407.783,951,
407.878,1648,
407.973,2003,
408.067,1093,
408.162,639,
408.257,641,
408.351,623,
408.446,614,
408.541,580,
408.635,565,
408.73,527,
408.825,611,
408.919,590,
409.014,559,
409.109,639,
409.203,663,
409.298,662,
409.392,644,
409.487,592,
409.582,679,
409.676,700,
409.771,706,
409.865,708,
409.96,660,
410.054,641,
410.149,678,
410.244,747,
410.338,676,
410.433,621,
410.527,636,
410.622,754,
410.716,688,
410.811,695,
410.905,664,
411,623,
411.094,667,
411.189,694,
411.283,629,
411.378,642,
411.472,594,
411.567,655,
411.661,687,
411.756,664,
411.85,654,
411.945,664,
412.039,669,
412.134,703,
412.228,678,
412.323,605,
412.417,624,
412.512,672,
412.606,633,
412.7,616,
412.795,608,
412.889,660,
412.984,700,
413.078,678,
413.173,642,
413.267,676,
413.361,669,
413.456,669,
413.55,678,
413.645,717,
413.739,616,
413.833,602,
413.928,627,
414.022,665,
414.116,649,
414.211,635,
414.305,686,
414.399,682,
414.494,726,
414.588,726,
414.682,697,
414.777,696,
414.871,680,
414.965,713,
415.06,724,
415.154,673,
415.248,712,
415.342,740,
415.437,710,
415.531,670,
415.625,641,
415.719,675,
415.814,715,
415.908,692,
416.002,678,
416.096,605,
416.191,664,
416.285,630,
416.379,703,
416.473,643,
416.568,656,
416.662,680,
416.756,734,
416.85,741,
416.944,712,
417.039,647,
417.133,682,
417.227,664,
417.321,678,
417.415,756,
417.509,704,
417.603,650,
417.698,656,
417.792,676,
417.886,651,
417.98,673,
418.074,667,
418.168,742,
418.262,704,
418.356,599,
418.45,624,
418.545,716,
418.639,670,
418.733,736,
418.827,678,
418.921,720,
419.015,776,
419.109,712,
419.203,624,
419.297,676,
419.391,715,
419.485,688,
419.579,704,
419.673,756,
419.767,738,
419.861,711,
419.955,688,
420.049,739,
420.143,685,
420.237,637,
420.331,662,
420.425,714,
420.519,650,
420.613,678,
420.707,619,
420.801,583,
420.895,689,
420.989,667,
421.083,660,
421.176,662,
421.27,681,
421.364,731,
421.458,832,
421.552,953,
421.646,1485,
421.74,1849,
421.834,1128,
421.928,713,
422.021,653,
422.115,708,
422.209,727,
422.303,747,
422.397,747,
422.491,863,
422.584,1597,
422.678,2526,
422.772,4922,
422.866,6626,
422.96,2597,
423.053,836,
423.147,701,
423.241,697,
423.335,750,
423.428,763,
423.522,718,
423.616,706,
423.71,720,
423.803,729,
423.897,708,
423.991,655,
424.084,676,
424.178,676,
424.272,628,
424.366,674,
424.459,651,
424.553,732,
424.647,674,
424.74,646,
424.834,621,
424.928,694,
425.021,713,
425.115,716,
425.208,664,
425.302,664,
425.396,646,
425.489,666,
425.583,673,
425.676,672,
425.77,619,
425.864,649,
425.957,596,
426.051,618,
426.144,621,
426.238,683,
426.331,647,
426.425,642,
426.518,609,
426.612,614,
426.705,567,
426.799,580,
426.893,619,
426.986,526,
427.079,557,
427.173,612,
427.266,742,
427.36,795,
427.453,678,
427.547,589,
427.64,630,
427.734,624,
427.827,655,
427.921,607,
428.014,533,
428.107,587,
428.201,576,
428.294,644,
428.388,677,
428.481,717,
428.574,701,
428.668,630,
428.761,621,
428.854,701,
428.948,689,
429.041,773,
429.134,848,
429.228,802,
429.321,666,
429.414,581,
429.508,589,
429.601,574,
429.694,637,
429.787,600,
429.881,671,
429.974,729,
430.067,972,
430.16,1116,
430.254,1184,
430.347,1269,
430.44,1100,
430.533,1064,
430.626,662,
430.72,942,
430.813,1089,
430.906,985,
430.999,948,
431.092,788,
431.186,592,
431.279,582,
431.372,566,
431.465,653,
431.558,607,
431.651,663,
431.744,704,
431.837,572,
431.931,655,
432.024,742,
432.117,734,
432.21,635,
432.303,557,
432.396,624,
432.489,644,
432.582,582,
432.675,711,
432.768,781,
432.861,859,
432.954,583,
433.047,573,
433.14,582,
433.233,619,
433.326,557,
433.419,600,
433.512,587,
433.605,552,
433.698,591,
433.791,615,
433.884,665,
433.977,616,
434.07,646,
434.162,632,
434.255,651,
434.348,623,
434.441,640,
434.534,678,
434.627,701,
434.72,690,
434.813,702,
434.905,708,
434.998,678,
435.091,703,
435.184,722,
435.277,644,
435.369,617,
435.462,664,
435.555,665,
435.648,632,
435.741,603,
435.833,664,
435.926,669,
436.019,632,
436.112,596,
436.204,624,
436.297,612,
436.39,596,
436.482,587,
436.575,600,
436.668,640,
436.76,619,
436.853,641,
436.946,630,
437.038,623,
437.131,649,
437.224,596,
437.316,580,
437.409,524,
437.502,570,
437.594,529,
437.687,526,
437.779,563,
437.872,566,
437.964,589,
438.057,540,
438.15,584,
438.242,624,
438.335,572,
438.427,687,
438.52,820,
438.612,922,
438.705,942,
438.797,652,
438.89,566,
438.982,578,
439.074,586,
439.167,561,
439.259,591,
439.352,570,
439.444,566,
439.537,605,
439.629,601,
439.721,635,
439.814,662,
439.906,576,
439.999,564,
440.091,525,
440.183,561,
440.276,562,
440.368,572,
440.46,586,
440.553,592,
440.645,651,
440.737,724,
440.829,724,
440.922,591,
441.014,614,
441.106,578,
441.199,576,
441.291,545,
441.383,601,
441.475,598,
441.567,620,
441.66,614,
441.752,683,
441.844,701,
441.936,635,
442.028,640,
442.121,593,
442.213,577,
442.305,586,
442.397,630,
442.489,610,
442.581,626,
442.673,633,
442.765,735,
442.858,713,
442.95,726,
443.042,678,
443.134,605,
443.226,653,
443.318,663,
443.41,620,
443.502,632,
443.594,658,
443.686,781,
443.778,914,
443.87,914,
443.962,683,
444.054,623,
444.146,568,
444.238,667,
444.33,640,
444.422,684,
444.513,694,
444.605,768,
444.697,731,
444.789,818,
444.881,720,
444.973,671,
445.065,725,
445.157,708,
445.248,647,
445.34,672,
445.432,683,
445.524,719,
445.616,844,
445.708,919,
445.799,1036,
445.891,1127,
445.983,819,
446.075,623,
446.166,650,
446.258,557,
446.35,577,
446.441,598,
446.533,560,
446.625,496,
446.717,533,
446.808,575,
446.9,589,
446.992,539,
447.083,507,
447.175,523,
447.266,543,
447.358,566,
447.45,525,
447.541,499,
447.633,505,
447.724,511,
447.816,563,
447.908,552,
447.999,587,
448.091,548,
448.182,529,
448.274,520,
448.365,491,
448.457,529,
448.548,575,
448.64,532,
448.731,537,
448.823,481,
448.914,502,
449.005,477,
449.097,477,
449.188,541,
449.28,510,
449.371,435,
449.462,479,
449.554,470,
449.645,513,
449.737,464,
449.828,476,
449.919,537,
450.011,524,
450.102,448,
450.193,532,
450.284,475,
450.376,533,
450.467,525,
450.558,504,
450.649,533,
450.741,456,
450.832,497,
450.923,534,
451.014,568,
451.106,490,
451.197,493,
451.288,520,
451.379,537,
451.47,507,
451.561,512,
451.653,571,
451.744,575,
451.835,578,
451.926,489,
452.017,527,
452.108,591,
452.199,577,
452.29,596,
452.381,514,
452.472,550,
452.563,518,
452.654,559,
452.745,580,
452.836,486,
452.927,470,
453.018,520,
453.109,552,
453.2,530,
453.291,532,
453.382,543,
453.473,562,
453.564,745,
453.655,907,
453.746,1130,
453.837,1300,
453.927,1086,
454.018,1086,
454.109,800,
454.2,543,
454.291,488,
454.382,472,
454.472,518,
454.563,556,
454.654,477,
454.745,524,
454.836,550,
454.926,506,
455.017,511,
455.108,508,
455.198,526,
455.289,631,
455.38,620,
455.471,625,
455.561,587,
455.652,759,
455.743,937,
455.833,1146,
455.924,1349,
456.014,647,
456.105,495,
456.196,493,
456.286,488,
456.377,502,
456.467,458,
456.558,472,
456.648,505,
456.739,515,
456.829,532,
456.92,484,
457.01,477,
457.101,428,
457.191,450,
457.282,498,
457.372,465,
457.463,440,
457.553,447,
457.644,562,
457.734,536,
457.824,461,
457.915,437,
458.005,504,
458.095,511,
458.186,502,
458.276,519,
458.366,482,
458.457,493,
458.547,493,
458.637,473,
458.728,517,
458.818,474,
458.908,570,
458.998,495,
459.089,525,
459.179,555,
459.269,562,
459.359,501,
459.449,589,
459.54,506,
459.63,557,
459.72,557,
459.81,583,
459.9,564,
459.99,522,
460.08,559,
460.17,551,
460.261,617,
460.351,668,
460.441,644,
460.531,718,
460.621,644,
460.711,678,
460.801,683,
460.891,647,
460.981,681,
461.071,839,
461.161,988,
461.251,1137,
461.341,1078,
461.43,657,
461.52,633,
461.61,649,
461.7,667,
461.79,584,
461.88,646,
461.97,676,
462.06,630,
462.149,676,
462.239,708,
462.329,670,
462.419,706,
462.509,674,
462.598,747,
462.688,670,
462.778,793,
462.868,680,
462.957,732,
463.047,728,
463.137,736,
463.226,809,
463.316,848,
463.406,976,
463.495,948,
463.585,915,
463.675,840,
463.764,843,
463.854,846,
463.943,719,
464.033,693,
464.123,727,
464.212,733,
464.302,744,
464.391,770,
464.481,782,
464.57,903,
464.66,805,
464.749,768,
464.839,729,
464.928,736,
465.018,745,
465.107,715,
465.196,737,
465.286,681,
465.375,724,
465.465,784,
465.554,725,
465.643,665,
465.733,637,
465.822,623,
465.911,642,
466.001,656,
466.09,600,
466.179,685,
466.268,678,
466.358,651,
466.447,644,
466.536,607,
466.625,612,
466.715,607,
466.804,644,
466.893,584,
466.982,564,
467.071,518,
467.16,598,
467.249,584,
467.339,628,
467.428,630,
467.517,605,
467.606,608,
467.695,596,
467.784,614,
467.873,620,
467.962,630,
468.051,570,
468.14,555,
468.229,544,
468.318,557,
468.407,559,
468.496,543,
468.585,649,
468.674,635,
468.763,628,
468.852,672,
468.94,568,
469.029,566,
469.118,582,
469.207,568,
469.296,497,
469.385,536,
469.473,534,
469.562,528,
469.651,513,
469.74,519,
469.829,543,
469.917,577,
470.006,523,
470.095,605,
470.183,612,
470.272,567,
470.361,589,
470.449,600,
470.538,577,
470.627,623,
470.715,594,
470.804,609,
470.893,633,
470.981,562,
471.07,596,
471.158,580,
471.247,586,
471.335,548,
471.424,548,
471.512,599,
471.601,592,
471.689,527,
471.778,573,
471.866,544,
471.955,589,
472.043,559,
472.131,520,
472.22,591,
472.308,545,
472.397,596,
472.485,550,
472.573,482,
472.662,544,
472.75,574,
472.838,526,
472.927,523,
473.015,525,
473.103,534,
473.191,528,
473.28,472,
473.368,492,
473.456,484,
473.544,516,
473.632,530,
473.72,513,
473.809,536,
473.897,495,
473.985,468,
474.073,476,
474.161,470,
474.249,467,
474.337,488,
474.425,513,
474.513,461,
474.601,556,
474.689,543,
474.777,494,
474.865,523,
474.953,459,
475.041,507,
475.129,548,
475.217,520,
475.305,458,
475.393,429,
475.481,475,
475.569,506,
475.657,470,
475.744,460,
475.832,461,
475.92,484,
476.008,481,
476.096,467,
476.183,472,
476.271,509,
476.359,491,
476.447,545,
476.534,514,
476.622,564,
476.71,527,
476.798,493,
476.885,516,
476.973,527,
477.06,469,
477.148,482,
477.236,467,
477.323,534,
477.411,461,
477.498,490,
477.586,531,
477.674,506,
477.761,540,
477.849,502,
477.936,534,
478.024,505,
478.111,548,
478.198,527,
478.286,511,
478.373,523,
478.461,566,
478.548,511,
478.636,559,
478.723,599,
478.81,563,
478.898,479,
478.985,518,
479.072,472,
479.16,513,
479.247,543,
479.334,543,
479.421,555,
479.509,605,
479.596,543,
479.683,573,
479.77,564,
479.857,547,
479.945,607,
480.032,508,
480.119,515,
480.206,586,
480.293,562,
480.38,584,
480.467,566,
480.554,605,
480.641,568,
480.728,653,
480.815,575,
480.902,622,
480.989,560,
481.076,648,
481.163,605,
481.25,640,
481.337,607,
481.424,566,
481.511,497,
481.598,561,
481.685,548,
481.772,596,
481.858,530,
481.945,533,
482.032,531,
482.119,593,
482.206,516,
482.292,541,
482.379,537,
482.466,476,
482.553,435,
482.639,506,
482.726,563,
482.813,524,
482.899,495,
482.986,534,
483.073,543,
483.159,508,
483.246,479,
483.332,487,
483.419,517,
483.506,472,
483.592,479,
483.679,479,
483.765,495,
483.852,495,
483.938,573,
484.025,507,
484.111,509,
484.198,506,
484.284,511,
484.37,540,
484.457,482,
484.543,476,
484.63,582,
484.716,589,
484.802,650,
484.888,590,
484.975,651,
485.061,582,
485.147,605,
485.234,654,
485.32,603,
485.406,596,
485.492,586,
485.578,619,
485.665,577,
485.751,610,
485.837,623,
485.923,616,
486.009,553,
486.095,598,
486.181,674,
486.267,621,
486.354,631,
486.44,676,
486.526,654,
486.612,637,
486.698,596,
486.784,660,
486.87,657,
486.955,598,
487.041,544,
487.127,624,
487.213,591,
487.299,609,
487.385,602,
487.471,596,
487.557,607,
487.642,667,
487.728,630,
487.814,628,
487.9,641,
487.986,638,
488.071,631,
488.157,612,
488.243,609,
488.328,555,
488.414,607,
488.5,598,
488.585,641,
488.671,655,
488.757,566,
488.842,564,
488.928,565,
489.013,560,
489.099,576,
489.185,566,
489.27,575,
489.356,673,
489.441,607,
489.527,567,
489.612,575,
489.697,565,
489.783,579,
489.868,584,
489.954,607,
490.039,667,
490.124,617,
490.21,571,
490.295,604,
490.38,504,
490.466,543,
490.551,575,
490.636,550,
490.722,550,
490.807,522,
490.892,602,
490.977,598,
491.062,559,
491.148,516,
491.233,556,
491.318,549,
491.403,548,
491.488,572,
491.573,563,
491.658,585,
491.743,542,
491.828,523,
491.913,533,
491.998,547,
492.083,579,
492.168,555,
492.253,580,
492.338,587,
492.423,598,
492.508,541,
492.593,540,
492.678,566,
492.763,602,
492.848,603,
492.932,566,
493.017,640,
493.102,628,
493.187,563,
493.271,491,
493.356,505,
493.441,502,
493.526,603,
493.61,559,
493.695,559,
493.78,585,
493.864,482,
493.949,559,
494.034,588,
494.118,650,
494.203,778,
494.287,1000,
494.372,1239,
494.456,833,
494.541,639,
494.625,568,
494.71,594,
494.794,610,
494.879,577,
494.963,617,
495.048,506,
495.132,564,
495.216,559,
495.301,564,
495.385,583,
495.469,586,
495.554,605,
495.638,582,
495.722,539,
495.807,585,
495.891,541,
495.975,527,
496.059,582,
496.143,577,
496.228,587,
496.312,546,
496.396,584,
496.48,544,
496.564,598,
496.648,583,
496.732,596,
496.816,601,
496.9,580,
496.984,529,
497.068,599,
497.152,618,
497.236,587,
497.32,644,
497.404,536,
497.488,527,
497.572,568,
497.656,576,
497.74,596,
497.824,551,
497.908,557,
497.991,605,
498.075,573,
498.159,619,
498.243,674,
498.327,605,
498.41,562,
498.494,696,
498.578,656,
498.661,637,
498.745,682,
498.829,706,
498.912,834,
498.996,1114,
499.079,1276,
499.163,1438,
499.247,1124,
499.33,830,
499.414,766,
499.497,768,
499.581,766,
499.664,780,
499.748,869,
499.831,974,
499.914,1201,
499.998,1304,
500.081,1466,
500.165,1380,
500.248,1040,
500.331,920,
500.415,1054,
500.498,1065,
500.581,1117,
500.664,1194,
500.748,1403,
500.831,1682,
500.914,1705,
500.997,1925,
501.08,1554,
501.164,1467,
501.247,1451,
501.33,1397,
501.413,1457,
501.496,1549,
501.579,1588,
501.662,1574,
501.745,1609,
501.828,1290,
501.911,1171,
501.994,1116,
502.077,1141,
502.16,1052,
502.243,1178,
502.326,1237,
502.409,1256,
502.492,1107,
502.575,948,
502.657,965,
502.74,779,
502.823,825,
502.906,877,
502.989,886,
503.071,930,
503.154,825,
503.237,800,
503.319,946,
503.402,802,
503.485,821,
503.567,818,
503.65,653,
503.733,708,
503.815,724,
503.898,653,
503.98,706,
504.063,631,
504.145,557,
504.228,663,
504.31,667,
504.393,733,
504.475,770,
504.558,846,
504.64,846,
504.722,838,
504.805,850,
504.887,819,
504.969,757,
505.052,834,
505.134,704,
505.216,694,
505.299,711,
505.381,789,
505.463,728,
505.545,670,
505.627,614,
505.71,608,
505.792,594,
505.874,621,
505.956,583,
506.038,588,
506.12,628,
506.202,609,
506.284,559,
506.366,568,
506.448,566,
506.53,519,
506.612,582,
506.694,550,
506.776,575,
506.858,543,
506.94,511,
507.022,557,
507.104,575,
507.185,580,
507.267,601,
507.349,722,
507.431,687,
507.513,653,
507.594,617,
507.676,491,
507.758,552,
507.839,536,
507.921,559,
508.003,512,
508.084,542,
508.166,541,
508.248,543,
508.329,520,
508.411,529,
508.492,534,
508.574,529,
508.655,508,
508.737,540,
508.818,525,
508.9,489,
508.981,525,
509.062,625,
509.144,555,
509.225,550,
509.306,516,
509.388,525,
509.469,516,
509.55,555,
509.632,525,
509.713,493,
509.794,475,
509.875,517,
509.957,536,
510.038,532,
510.119,500,
510.2,505,
510.281,570,
510.362,512,
510.443,521,
510.524,497,
510.605,570,
510.686,511,
510.767,541,
510.848,513,
510.929,468,
511.01,511,
511.091,481,
511.172,582,
511.253,545,
511.334,576,
511.415,586,
511.496,543,
511.576,493,
511.657,550,
511.738,507,
511.819,510,
511.899,523,
511.98,603,
512.061,534,
512.141,530,
512.222,600,
512.303,582,
512.383,524,
512.464,525,
512.545,513,
512.625,537,
512.706,511,
512.786,554,
512.867,521,
512.947,554,
513.028,543,
513.108,498,
513.188,483,
513.269,552,
513.349,576,
513.43,577,
513.51,511,
513.59,541,
513.671,513,
513.751,550,
513.831,531,
513.911,577,
513.992,547,
514.072,467,
514.152,527,
514.232,552,
514.312,525,
514.392,465,
514.473,548,
514.553,534,
514.633,541,
514.713,569,
514.793,534,
514.873,546,
514.953,566,
515.033,575,
515.113,529,
515.193,508,
515.273,495,
515.352,541,
515.432,564,
515.512,548,
515.592,573,
515.672,545,
515.752,555,
515.831,596,
515.911,594,
515.991,602,
516.07,548,
516.15,582,
516.23,596,
516.309,509,
516.389,533,
516.469,536,
516.548,545,
516.628,558,
516.707,559,
516.787,566,
516.866,540,
516.946,607,
517.025,615,
517.105,614,
517.184,607,
517.264,609,
517.343,637,
517.422,649,
517.502,575,
517.581,605,
517.66,613,
517.74,759,
517.819,773,
517.898,671,
517.977,664,
518.057,825,
518.136,905,
518.215,958,
518.294,923,
518.373,876,
518.452,722,
518.531,701,
518.611,758,
518.69,677,
518.769,660,
518.848,697,
518.927,666,
519.006,678,
519.085,691,
519.163,797,
519.242,811,
519.321,927,
519.4,765,
519.479,668,
519.558,584,
519.637,730,
519.715,678,
519.794,623,
519.873,603,
519.952,558,
520.03,690,
520.109,750,
520.188,710,
520.266,731,
520.345,596,
520.423,550,
520.502,584,
520.58,528,
520.659,518,
520.738,548,
520.816,497,
520.894,534,
520.973,564,
521.051,539,
521.13,491,
521.208,584,
521.286,552,
521.365,543,
521.443,587,
521.521,579,
521.6,562,
521.678,552,
521.756,628,
521.834,719,
521.913,672,
521.991,725,
522.069,588,
522.147,521,
522.225,527,
522.303,559,
522.381,527,
522.459,507,
522.537,538,
522.615,509,
522.693,549,
522.771,478,
522.849,538,
522.927,490,
523.005,479,
523.083,472,
523.161,512,
523.239,561,
523.317,495,
523.394,550,
523.472,555,
523.55,575,
523.628,522,
523.705,527,
523.783,489,
523.861,513,
523.938,520,
524.016,504,
524.094,447,
524.171,516,
524.249,426,
524.326,499,
524.404,454,
524.481,469,
524.559,490,
524.636,488,
524.714,520,
524.791,472,
524.868,461,
524.946,472,
525.023,582,
525.1,534,
525.178,537,
525.255,444,
525.332,561,
525.41,534,
525.487,518,
525.564,495,
525.641,479,
525.718,505,
525.795,495,
525.873,493,
525.95,485,
526.027,505,
526.104,477,
526.181,536,
526.258,513,
526.335,479,
526.412,490,
526.489,481,
526.566,589,
526.643,477,
526.719,501,
526.796,511,
526.873,557,
526.95,560,
527.027,613,
527.103,605,
527.18,623,
527.257,652,
527.334,611,
527.41,617,
527.487,552,
527.564,580,
527.64,603,
527.717,699,
527.793,779,
527.87,747,
527.946,612,
528.023,559,
528.099,569,
528.176,482,
528.252,500,
528.329,511,
528.405,473,
528.481,508,
528.558,536,
528.634,525,
528.71,484,
528.787,541,
528.863,493,
528.939,514,
529.015,510,
529.092,538,
529.168,557,
529.244,527,
529.32,497,
529.396,488,
529.472,467,
529.548,550,
529.624,548,
529.7,532,
529.776,486,
529.852,486,
529.928,538,
530.004,536,
530.08,532,
530.156,470,
530.232,518,
530.308,520,
530.384,536,
530.459,548,
530.535,520,
530.611,548,
530.687,531,
530.762,546,
530.838,510,
530.914,532,
530.989,523,
531.065,540,
531.141,511,
531.216,523,
531.292,525,
531.367,519,
531.443,512,
531.518,514,
531.594,480,
531.669,527,
531.744,543,
531.82,572,
531.895,508,
531.971,474,
532.046,538,
532.121,572,
532.196,479,
532.272,579,
532.347,520,
532.422,516,
532.497,537,
532.572,544,
532.648,541,
532.723,567,
532.798,508,
532.873,575,
532.948,582,
533.023,573,
533.098,546,
533.173,576,
533.248,584,
533.323,586,
533.398,600,
533.473,600,
533.548,581,
533.622,577,
533.697,596,
533.772,541,
533.847,573,
533.922,572,
533.996,531,
534.071,552,
534.146,550,
534.22,551,
534.295,575,
534.37,591,
534.444,526,
534.519,568,
534.593,562,
534.668,589,
534.742,635,
534.817,552,
534.891,548,
534.966,499,
535.04,541,
535.115,548,
535.189,539,
535.263,477,
535.338,552,
535.412,517,
535.486,561,
535.56,603,
535.635,610,
535.709,539,
535.783,523,
535.857,605,
535.931,527,
536.005,570,
536.079,507,
536.154,520,
536.228,577,
536.302,559,
536.376,527,
536.45,591,
536.523,534,
536.597,577,
536.671,522,
536.745,529,
536.819,536,
536.893,584,
536.967,578,
537.04,531,
537.114,513,
537.188,541,
537.262,604,
537.335,547,
537.409,594,
537.483,527,
537.556,536,
537.63,545,
537.703,596,
537.777,556,
537.85,529,
537.924,595,
537.997,571,
538.071,581,
538.144,537,
538.218,612,
538.291,625,
538.364,617,
538.438,561,
538.511,559,
538.584,511,
538.658,608,
538.731,578,
538.804,570,
538.877,567,
538.95,506,
539.024,561,
539.097,580,
539.17,557,
539.243,557,
539.316,555,
539.389,600,
539.462,555,
539.535,594,
539.608,528,
539.681,566,
539.754,566,
539.827,647,
539.899,571,
539.972,555,
540.045,598,
540.118,619,
540.191,629,
540.263,551,
540.336,536,
540.409,599,
540.481,585,
540.554,580,
540.627,587,
540.699,562,
540.772,550,
540.844,617,
540.917,610,
540.989,564,
541.062,537,
541.134,548,
541.207,612,
541.279,570,
541.352,580,
541.424,584,
541.496,618,
541.569,644,
541.641,631,
541.713,532,
541.785,554,
541.858,593,
541.93,599,
542.002,573,
542.074,587,
542.146,566,
542.218,660,
542.29,623,
542.362,612,
542.434,591,
542.506,541,
542.578,573,
542.65,625,
542.722,660,
542.794,571,
542.866,587,
542.938,567,
543.01,608,
543.081,627,
543.153,614,
543.225,568,
543.227,55,
543.376,55,
543.524,47,
543.673,56,
543.822,68,
543.971,28,
544.119,37,
544.268,69,
544.417,69,
544.565,61,
544.714,63,
544.862,70,
545.011,42,
545.16,42,
545.308,70,
545.457,65,
545.605,60,
545.754,84,
545.902,40,
546.051,47,
546.199,37,
546.348,70,
546.496,63,
546.645,28,
546.793,63,
546.942,65,
547.09,66,
547.238,67,
547.387,41,
547.535,58,
547.684,81,
547.832,68,
547.98,71,
548.129,77,
548.277,86,
548.425,70,
548.574,65,
548.722,67,
548.87,81,
549.018,83,
549.167,53,
549.315,8,
549.463,62,
549.611,88,
549.759,69,
549.907,58,
550.056,69,
550.204,71,
550.352,77,
550.5,79,
550.648,48,
550.796,103,
550.944,60,
551.092,85,
551.24,47,
551.388,74,
551.536,73,
551.684,108,
551.832,79,
551.98,106,
552.128,83,
552.276,104,
552.424,73,
552.572,99,
552.72,93,
552.868,56,
553.016,53,
553.164,62,
553.312,58,
553.46,90,
553.607,80,
553.755,43,
553.903,85,
554.051,148,
554.199,111,
554.346,103,
554.494,78,
554.642,60,
554.79,77,
554.937,55,
555.085,73,
555.233,72,
555.38,110,
555.528,85,
555.676,74,
555.823,86,
555.971,84,
556.118,76,
556.266,68,
556.414,60,
556.561,87,
556.709,72,
556.856,101,
557.004,58,
557.151,77,
557.299,95,
557.446,86,
557.594,89,
557.741,71,
557.889,80,
558.036,107,
558.184,73,
558.331,88,
558.478,69,
558.626,84,
558.773,102,
558.92,53,
559.068,95,
559.215,96,
559.362,204,
559.51,127,
559.657,76,
559.804,81,
559.952,151,
560.099,83,
560.246,102,
560.393,148,
560.54,95,
560.688,99,
560.835,75,
560.982,67,
561.129,90,
561.276,114,
561.423,88,
561.571,99,
561.718,76,
561.865,74,
562.012,107,
562.159,49,
562.306,69,
562.453,79,
562.6,91,
562.747,102,
562.894,44,
563.041,67,
563.188,125,
563.335,67,
563.482,74,
563.629,84,
563.775,106,
563.922,56,
564.069,77,
564.216,67,
564.363,97,
564.51,95,
564.657,83,
564.803,69,
564.95,85,
565.097,84,
565.244,76,
565.391,43,
565.537,82,
565.684,95,
565.831,74,
565.977,54,
566.124,60,
566.271,72,
566.417,105,
566.564,67,
566.711,74,
566.857,81,
567.004,104,
567.15,95,
567.297,42,
567.444,81,
567.59,125,
567.737,76,
567.883,75,
568.03,88,
568.176,127,
568.323,102,
568.469,123,
568.616,60,
568.762,95,
568.908,88,
569.055,111,
569.201,79,
569.348,107,
569.494,122,
569.64,84,
569.787,56,
569.933,72,
570.079,84,
570.226,111,
570.372,107,
570.518,65,
570.664,70,
570.811,97,
570.957,111,
571.103,78,
571.249,67,
571.396,87,
571.542,64,
571.688,74,
571.834,56,
571.98,77,
572.126,93,
572.272,90,
572.418,51,
572.565,42,
572.711,67,
572.857,88,
573.003,72,
573.149,67,
573.295,93,
573.441,95,
573.587,77,
573.733,63,
573.879,115,
574.024,96,
574.17,78,
574.316,61,
574.462,97,
574.608,65,
574.754,102,
574.9,93,
575.046,57,
575.191,73,
575.337,83,
575.483,60,
575.629,70,
575.775,39,
575.92,83,
576.066,77,
576.212,44,
576.358,92,
576.503,84,
576.649,74,
576.795,88,
576.94,72,
577.086,95,
577.231,81,
577.377,61,
577.523,58,
577.668,116,
577.814,72,
577.959,88,
578.105,93,
578.25,72,
578.396,100,
578.541,93,
578.687,60,
578.832,52,
578.978,95,
579.123,120,
579.269,102,
579.414,66,
579.56,60,
579.705,60,
579.85,86,
579.996,66,
580.141,70,
580.286,67,
580.432,81,
580.577,95,
580.722,65,
580.868,88,
581.013,90,
581.158,86,
581.303,51,
581.448,78,
581.594,41,
581.739,88,
581.884,62,
582.029,60,
582.174,91,
582.319,64,
582.465,79,
582.61,72,
582.755,90,
582.9,77,
583.045,100,
583.19,53,
583.335,91,
583.48,120,
583.625,85,
583.77,116,
583.915,58,
584.06,69,
584.205,107,
584.35,70,
584.495,70,
584.64,90,
584.784,106,
584.929,76,
585.074,78,
585.219,65,
585.364,74,
585.509,95,
585.653,57,
585.798,127,
585.943,84,
586.088,103,
586.232,119,
586.377,65,
586.522,71,
586.667,91,
586.811,62,
586.956,90,
587.101,109,
587.245,123,
587.39,113,
587.534,74,
587.679,46,
587.824,81,
587.968,90,
588.113,74,
588.257,111,
588.402,112,
588.546,115,
588.691,90,
588.835,116,
588.98,132,
589.124,167,
589.269,473,
589.413,4090,
589.557,6609,
589.702,938,
589.846,463,
589.991,2137,
590.135,5933,
590.279,829,
590.424,287,
590.568,169,
590.712,123,
590.856,149,
591.001,122,
591.145,161,
591.289,109,
591.433,124,
591.578,76,
591.722,116,
591.866,121,
592.01,86,
592.154,68,
592.298,106,
592.443,91,
592.587,109,
592.731,133,
592.875,115,
593.019,130,
593.163,121,
593.307,100,
593.451,90,
593.595,113,
593.739,97,
593.883,117,
594.027,116,
594.171,125,
594.315,91,
594.459,116,
594.602,106,
594.746,115,
594.89,119,
595.034,95,
595.178,75,
595.322,98,
595.466,96,
595.609,78,
595.753,62,
595.897,134,
596.041,95,
596.184,117,
596.328,149,
596.472,92,
596.615,96,
596.759,92,
596.903,106,
597.046,112,
597.19,103,
597.334,115,
597.477,111,
597.621,102,
597.764,107,
597.908,125,
598.052,104,
598.195,116,
598.339,128,
598.482,85,
598.626,131,
598.769,120,
598.912,118,
599.056,102,
599.199,103,
599.343,105,
599.486,103,
599.629,122,
599.773,113,
599.916,133,
600.059,141,
600.203,94,
600.346,104,
600.489,127,
600.633,104,
600.776,106,
600.919,129,
601.062,146,
601.206,108,
601.349,153,
601.492,107,
601.635,112,
601.778,147,
601.921,118,
602.065,112,
602.208,113,
602.351,123,
602.494,141,
602.637,110,
602.78,127,
602.923,113,
603.066,120,
603.209,109,
603.352,140,
603.495,109,
603.638,155,
603.781,117,
603.924,121,
604.067,106,
604.21,148,
604.352,123,
604.495,104,
604.638,130,
604.781,113,
604.924,115,
605.067,128,
605.209,141,
605.352,121,
605.495,76,
605.638,118,
605.78,125,
605.923,119,
606.066,122,
606.209,140,
606.351,101,
606.494,109,
606.637,125,
606.779,148,
606.922,132,
607.064,123,
607.207,136,
607.349,135,
607.492,109,
607.635,98,
607.777,120,
607.92,113,
608.062,143,
608.205,127,
608.347,116,
608.489,112,
608.632,130,
608.774,120,
608.917,124,
609.059,153,
609.201,98,
609.344,141,
609.486,158,
609.628,137,
609.771,160,
609.913,90,
610.055,125,
610.198,141,
610.34,175,
610.482,137,
610.624,153,
610.766,295,
610.909,317,
611.051,118,
611.193,136,
611.335,128,
611.477,145,
611.619,146,
611.761,165,
611.904,139,
612.046,164,
612.188,156,
612.33,146,
612.472,171,
612.614,216,
612.756,314,
612.898,162,
613.04,152,
613.182,141,
613.323,144,
613.465,140,
613.607,116,
613.749,139,
613.891,153,
614.033,172,
614.175,132,
614.316,153,
614.458,138,
614.6,211,
614.742,228,
614.884,127,
615.025,139,
615.167,147,
615.309,157,
615.45,126,
615.592,142,
615.734,156,
615.875,177,
616.017,169,
616.159,184,
616.3,142,
616.442,188,
616.583,262,
616.725,502,
616.866,222,
617.008,158,
617.15,130,
617.291,142,
617.432,200,
617.574,206,
617.715,152,
617.857,128,
617.998,170,
618.14,151,
618.281,143,
618.422,151,
618.564,162,
618.705,162,
618.846,169,
618.988,157,
619.129,140,
619.27,132,
619.411,135,
619.553,152,
619.694,139,
619.835,136,
619.976,142,
620.118,147,
620.259,159,
620.4,115,
620.541,132,
620.682,150,
620.823,167,
620.964,114,
621.105,92,
621.246,113,
621.387,139,
621.528,137,
621.669,174,
621.81,155,
621.951,157,
622.092,134,
622.233,158,
622.374,127,
622.515,169,
622.656,197,
622.797,143,
622.938,177,
623.079,157,
623.22,146,
623.36,133,
623.501,132,
623.642,151,
623.783,137,
623.923,126,
624.064,118,
624.205,141,
624.346,113,
624.486,136,
624.627,159,
624.768,157,
624.908,133,
625.049,150,
625.19,139,
625.33,139,
625.471,128,
625.611,113,
625.752,116,
625.892,144,
626.033,143,
626.173,169,
626.314,185,
626.454,185,
626.595,154,
626.735,132,
626.876,116,
627.016,125,
627.156,130,
627.297,137,
627.437,135,
627.578,125,
627.718,171,
627.858,132,
627.999,148,
628.139,119,
628.279,142,
628.419,145,
628.56,126,
628.7,110,
628.84,137,
628.98,136,
629.12,123,
629.26,134,
629.401,145,
629.541,149,
629.681,142,
629.821,138,
629.961,95,
630.101,107,
630.241,99,
630.381,110,
630.521,115,
630.661,128,
630.801,129,
630.941,106,
631.081,155,
631.221,90,
631.361,128,
631.501,120,
631.641,118,
631.78,131,
631.92,129,
632.06,134,
632.2,169,
632.34,122,
632.48,121,
632.619,138,
632.759,123,
632.899,141,
633.039,125,
633.178,95,
633.318,132,
633.458,132,
633.597,115,
633.737,134,
633.877,118,
634.016,123,
634.156,116,
634.295,127,
634.435,148,
634.574,85,
634.714,120,
634.853,121,
634.993,113,
635.132,115,
635.272,115,
635.411,144,
635.551,85,
635.69,128,
635.83,141,
635.969,99,
636.108,150,
636.248,127,
636.387,139,
636.526,116,
636.666,118,
636.805,127,
636.944,108,
637.083,125,
637.223,132,
637.362,107,
637.501,132,
637.64,125,
637.78,120,
637.919,91,
638.058,125,
638.197,130,
638.336,92,
638.475,146,
638.614,120,
638.753,125,
638.892,132,
639.031,100,
639.17,82,
639.309,93,
639.448,104,
639.587,93,
639.726,121,
639.865,142,
640.004,91,
640.143,112,
640.282,120,
640.421,150,
640.56,128,
640.698,141,
640.837,135,
640.976,119,
641.115,88,
641.254,132,
641.392,109,
641.531,125,
641.67,103,
641.808,123,
641.947,107,
642.086,130,
642.224,112,
642.363,98,
642.502,86,
642.64,132,
642.779,135,
642.917,139,
643.056,125,
643.195,148,
643.333,105,
643.472,100,
643.61,131,
643.748,122,
643.887,132,
644.025,129,
644.164,128,
644.302,248,
644.441,294,
644.579,155,
644.717,131,
644.856,132,
644.994,152,
645.132,125,
645.271,118,
645.409,175,
645.547,148,
645.685,122,
645.824,129,
645.962,129,
646.1,123,
646.238,132,
646.376,137,
646.514,155,
646.653,234,
646.791,264,
646.929,161,
647.067,148,
647.205,125,
647.343,148,
647.481,123,
647.619,160,
647.757,138,
647.895,129,
648.033,129,
648.171,169,
648.309,123,
648.447,153,
648.585,158,
648.722,183,
648.86,179,
648.998,147,
649.136,194,
649.274,170,
649.412,178,
649.549,146,
649.687,153,
649.825,234,
649.963,194,
650.1,219,
650.238,212,
650.376,154,
650.513,183,
650.651,153,
650.789,151,
650.926,148,
651.064,148,
651.201,155,
651.339,196,
651.476,155,
651.614,158,
651.751,158,
651.889,139,
652.026,144,
652.164,160,
652.301,149,
652.439,173,
652.576,134,
652.713,172,
652.851,152,
652.988,178,
653.126,141,
653.263,157,
653.4,161,
653.537,147,
653.675,192,
653.812,180,
653.949,190,
654.086,144,
654.224,165,
654.361,155,
654.498,196,
654.635,169,
654.772,201,
654.909,206,
655.047,185,
655.184,174,
655.321,195,
655.458,227,
655.595,197,
655.732,195,
655.869,219,
656.006,248,
656.143,259,
656.28,250,
656.417,319,
656.554,371,
656.69,394,
656.827,412,
656.964,392,
657.101,350,
657.238,335,
657.375,294,
657.512,265,
657.648,264,
657.785,234,
657.922,201,
658.059,197,
658.195,176,
658.332,209,
658.469,188,
658.605,151,
658.742,185,
658.879,208,
659.015,174,
659.152,155,
659.288,189,
659.425,177,
659.561,181,
659.698,144,
659.835,167,
659.971,167,
660.107,181,
660.244,175,
660.38,145,
660.517,162,
660.653,141,
660.79,123,
660.926,181,
661.062,143,
661.199,154,
661.335,178,
661.471,164,
661.608,153,
661.744,146,
661.88,176,
662.016,167,
662.153,123,
662.289,195,
662.425,168,
662.561,151,
662.697,149,
662.833,140,
662.97,116,
663.106,141,
663.242,169,
663.378,141,
663.514,116,
663.65,155,
663.786,123,
663.922,146,
664.058,127,
664.194,164,
664.33,173,
664.466,155,
664.602,126,
664.738,168,
664.873,171,
665.009,178,
665.145,155,
665.281,169,
665.417,160,
665.553,166,
665.688,151,
665.824,146,
665.96,176,
666.095,206,
666.231,169,
666.367,156,
666.503,175,
666.638,154,
666.774,177,
666.909,152,
667.045,131,
667.181,162,
667.316,163,
667.452,134,
667.587,148,
667.723,133,
667.858,160,
667.994,183,
668.129,127,
668.265,134,
668.4,157,
668.536,161,
668.671,169,
668.806,169,
668.942,125,
669.077,157,
669.212,127,
669.348,137,
669.483,102,
669.618,141,
669.753,128,
669.889,135,
670.024,144,
670.159,139,
670.294,164,
670.429,146,
670.565,143,
670.7,180,
670.835,169,
670.97,220,
671.105,1241,
671.24,6654,
671.375,1868,
671.51,378,
671.645,239,
671.78,208,
671.915,168,
672.05,188,
672.185,162,
672.32,160,
672.455,190,
672.59,187,
672.725,172,
672.859,164,
672.994,156,
673.129,163,
673.264,170,
673.399,160,
673.533,180,
673.668,174,
673.803,162,
673.938,183,
674.072,143,
674.207,188,
674.342,176,
674.476,125,
674.611,143,
674.746,173,
674.88,149,
675.015,153,
675.149,105,
675.284,114,
675.418,109,
675.553,148,
675.687,146,
675.822,131,
675.956,159,
676.091,132,
676.225,123,
676.359,112,
676.494,148,
676.628,134,
676.763,146,
676.897,109,
677.031,116,
677.165,139,
677.3,132,
677.434,116,
677.568,155,
677.702,155,
677.837,154,
677.971,156,
678.105,114,
678.239,129,
678.373,116,
678.507,120,
678.641,93,
678.776,132,
678.91,138,
679.044,149,
679.178,105,
679.312,123,
679.446,85,
679.58,139,
679.714,161,
679.848,155,
679.981,102,
680.115,113,
680.249,173,
680.383,130,
680.517,144,
680.651,100,
680.785,123,
680.918,123,
681.052,95,
681.186,132,
681.32,125,
681.453,149,
681.587,93,
681.721,116,
681.854,118,
681.988,119,
682.122,136,
682.255,111,
682.389,118,
682.522,146,
682.656,130,
682.79,101,
682.923,100,
683.057,127,
683.19,122,
683.324,108,
683.457,131,
683.59,155,
683.724,112,
683.857,92,
683.991,78,
684.124,90,
684.257,146,
684.391,104,
684.524,114,
684.657,74,
684.791,93,
684.924,89,
685.057,97,
685.19,94,
685.324,117,
685.457,104,
685.59,104,
685.723,96,
685.856,88,
685.989,95,
686.122,119,
686.255,111,
686.388,137,
686.522,93,
686.655,77,
686.788,103,
686.921,144,
687.054,125,
687.186,125,
687.319,122,
687.452,105,
687.585,111,
687.718,116,
687.851,121,
687.984,108,
688.117,116,
688.249,106,
688.382,112,
688.515,113,
688.648,103,
688.78,114,
688.913,114,
689.046,112,
689.179,90,
689.311,106,
689.444,121,
689.576,99,
689.709,108,
689.842,105,
689.974,106,
690.107,137,
690.239,114,
690.372,65,
690.504,106,
690.637,78,
690.769,114,
690.902,85,
691.034,99,
691.167,143,
691.299,92,
691.431,74,
691.564,137,
691.696,118,
691.828,128,
691.961,119,
692.093,84,
692.225,125,
692.357,118,
692.49,109,
692.622,72,
692.754,95,
692.886,100,
693.018,119,
693.15,80,
693.283,85,
693.415,118,
693.547,104,
693.679,79,
693.811,97,
693.943,77,
694.075,109,
694.207,104,
694.339,118,
694.471,102,
694.603,99,
694.735,117,
694.867,95,
694.998,54,
695.13,107,
695.262,123,
695.394,86,
695.526,91,
695.658,75,
695.789,95,
695.921,94,
696.053,95,
696.184,125,
696.316,81,
696.448,109,
696.579,71,
696.711,95,
696.843,99,
696.974,134,
697.106,104,
697.237,91,
697.369,99,
697.501,118,
697.632,108,
697.764,121,
697.895,112,
698.026,116,
698.158,136,
698.289,84,
698.421,81,
698.552,72,
698.683,90,
698.815,83,
698.946,99,
699.077,90,
699.209,99,
699.34,121,
699.471,95,
699.603,75,
699.734,67,
699.865,49,
699.996,125,
700.127,102,
700.258,80,
700.39,130,
700.521,97,
700.652,75,
700.783,86,
700.914,104,
701.045,102,
701.176,70,
701.307,72,
701.438,56,
701.569,95,
701.7,109,
701.831,90,
701.962,119,
702.092,85,
702.223,77,
702.354,74,
702.485,81,
702.616,83,
702.747,93,
702.877,102,
703.008,60,
703.139,106,
703.269,104,
703.4,89,
703.531,111,
703.661,90,
703.792,99,
703.923,106,
704.053,76,
704.184,63,
704.314,83,
704.445,109,
704.576,74,
704.706,88,
704.837,95,
704.967,93,
705.097,80,
705.228,62,
705.358,78,
705.489,120,
705.619,100,
705.749,74,
705.88,55,
706.01,102,
706.14,77,
706.271,111,
706.401,88,
706.531,89,
706.661,93,
706.792,125,
706.922,76,
707.052,91,
707.182,103,
707.312,100,
707.442,47,
707.572,53,
707.703,92,
707.833,98,
707.963,88,
708.093,83,
708.223,113,
708.353,83,
708.483,134,
708.613,94,
708.742,94,
708.872,88,
709.002,101,
709.132,95,
709.262,99,
709.392,125,
709.522,81,
709.651,111,
709.781,116,
709.911,72,
710.041,117,
710.17,104,
710.3,44,
710.43,58,
710.559,83,
710.689,102,
710.819,86,
710.948,85,
711.078,95,
711.207,116,
711.337,105,
711.467,81,
711.596,94,
711.725,127,
711.855,100,
711.984,98,
712.114,106,
712.243,84,
712.373,114,
712.502,69,
712.631,98,
712.761,58,
712.89,130,
713.019,65,
713.149,100,
713.278,99,
713.407,117,
713.536,92,
713.666,90,
713.795,95,
713.924,92,
714.053,111,
714.182,129,
714.311,99,
714.44,106,
714.569,114,
714.698,100,
714.828,120,
714.957,97,
715.086,116,
715.215,176,
715.343,134,
715.472,95,
715.601,81,
715.73,111,
715.859,97,
715.988,102,
716.117,112,
716.246,169,
716.374,132,
716.503,123,
716.632,97,
716.761,106,
716.889,93,
717.018,91,
717.147,109,
717.276,93,
717.404,124,
717.533,88,
717.661,74,
717.79,96,
717.919,62,
718.047,121,
718.176,85,
718.304,84,
718.433,86,
718.561,65,
718.69,79,
718.818,91,
718.946,108,
719.075,81,
719.203,90,
719.332,71,
719.46,82,
719.588,88,
719.717,62,
719.845,76,
719.973,62,
720.101,104,
720.23,115,
720.358,123,
720.486,111,
720.614,130,
720.742,150,
720.87,60,
720.999,118,
721.127,86,
721.255,109,
721.383,144,
721.511,84,
721.639,102,
721.767,90,
721.895,77,
722.023,79,
722.151,79,
722.279,79,
722.406,111,
722.534,107,
722.662,86,
722.79,78,
722.918,112,
723.046,111,
723.173,86,
723.301,91,
723.429,72,
723.557,117,
723.684,94,
723.812,85,
723.94,78,
724.067,74,
724.195,83,
724.323,93,
724.45,83,
724.578,92,
724.705,106,
724.833,93,
724.96,78,
725.088,77,
725.215,127,
725.343,80,
725.47,120,
725.598,94,
725.725,96,
725.852,111,
725.98,86,
726.107,105,
726.234,104,
726.362,94,
726.489,76,
726.616,65,
726.743,111,
726.871,125,
726.998,67,
727.125,67,
727.252,74,
727.379,65,
727.506,115,
727.634,81,
727.761,76,
727.888,85,
728.015,169,
728.142,118,
728.269,89,
728.396,79,
728.523,109,
728.65,126,
728.777,81,
728.903,81,
729.03,107,
729.157,79,
729.284,99,
729.411,102,
729.538,77,
729.664,123,
729.791,93,
729.918,72,
730.045,65,
730.171,113,
730.298,117,
730.425,79,
730.551,49,
730.678,88,
730.805,106,
730.931,93,
731.058,58,
731.184,97,
731.311,118,
731.437,104,
731.564,105,
731.69,104,
731.817,108,
731.943,90,
732.07,70,
732.196,99,
732.322,109,
732.449,105,
732.575,138,
732.701,64,
732.828,123,
732.954,105,
733.08,125,
733.206,49,
733.333,98,
733.459,86,
733.585,125,
733.711,85,
733.837,88,
733.963,120,
734.089,92,
734.215,91,
734.342,102,
734.468,74,
734.594,135,
734.72,111,
734.846,105,
734.972,90,
735.097,102,
735.223,109,
735.349,76,
735.475,79,
735.601,72,
735.727,95,
735.853,97,
735.978,104,
736.104,91,
736.23,72,
736.356,111,
736.481,102,
736.607,107,
736.733,109,
736.858,87,
736.984,107,
737.11,125,
737.235,106,
737.361,122,
737.486,97,
737.612,84,
737.737,103,
737.863,129,
737.988,103,
738.114,135,
738.239,152,
738.365,108,
738.49,102,
738.615,85,
738.741,109,
738.866,105,
738.992,106,
739.117,116,
739.242,130,
739.367,123,
739.493,106,
739.618,104,
739.743,129,
739.868,100,
739.993,106,
740.118,120,
740.244,132,
740.369,71,
740.494,114,
740.619,125,
740.744,66,
740.869,107,
740.994,136,
741.119,121,
741.244,114,
741.369,81,
741.494,114,
741.618,88,
741.743,110,
741.868,102,
741.993,127,
742.118,96,
742.243,99,
742.367,98,
742.492,139,
742.617,173,
742.742,396,
742.866,473,
742.991,294,
743.116,189,
743.24,160,
743.365,152,
743.489,139,
743.614,129,
743.739,182,
743.863,137,
743.988,160,
744.112,142,
744.237,163,
744.361,208,
744.485,285,
744.61,697,
744.734,858,
744.859,548,
744.983,366,
745.107,246,
745.232,218,
745.356,158,
745.48,194,
745.604,136,
745.729,171,
745.853,139,
745.977,146,
746.101,153,
746.225,144,
746.349,160,
746.474,140,
746.598,137,
746.722,165,
746.846,186,
746.97,214,
747.094,424,
747.218,1016,
747.342,1417,
747.466,854,
747.59,466,
747.713,334,
747.837,234,
747.961,232,
748.085,223,
748.209,209,
748.333,172,
748.456,185,
748.58,163,
748.704,198,
748.828,153,
748.951,137,
749.075,148,
749.199,159,
749.322,176,
749.446,143,
749.57,143,
749.693,104,
749.817,130,
749.94,115,
750.064,151,
750.187,88,
750.311,125,
750.434,145,
750.558,118,
750.681,115,
750.804,137,
750.928,157,
751.051,130,
751.174,123,
751.298,118,
751.421,128,
751.544,185,
751.667,106,
751.791,121,
751.914,171,
752.037,134,
752.16,158,
752.283,142,
752.407,120,
752.53,128,
752.653,140,
752.776,141,
752.899,114,
753.022,133,
753.145,125,
753.268,109,
753.391,99,
753.514,130,
753.637,137,
753.76,135,
753.882,127,
754.005,103,
754.128,115,
754.251,132,
754.374,92,
754.496,98,
754.619,143,
754.742,106,
754.865,105,
754.987,94,
755.11,125,
755.233,132,
755.355,139,
755.478,123,
755.6,114,
755.723,157,
755.846,137,
755.968,121,
756.091,123,
756.213,130,
756.336,132,
756.458,128,
756.58,128,
756.703,115,
756.825,127,
756.948,134,
757.07,91,
757.192,130,
757.314,140,
757.437,144,
757.559,129,
757.681,108,
757.803,120,
757.926,132,
758.048,119,
758.17,160,
758.292,143,
758.414,160,
758.536,97,
758.658,136,
758.78,85,
758.902,132,
759.024,90,
759.146,151,
759.268,145,
759.39,130,
759.512,150,
759.634,158,
759.756,162,
759.878,155,
760,113,
760.122,159,
760.243,134,
760.365,104,
760.487,140,
760.609,152,
760.73,136,
760.852,86,
760.974,110,
761.095,155,
761.217,141,
761.339,97,
761.46,132,
761.582,128,
761.703,141,
761.825,141,
761.946,123,
762.068,125,
762.189,135,
762.311,125,
762.432,148,
762.553,139,
762.675,153,
762.796,127,
762.918,140,
763.039,127,
763.16,136,
763.281,127,
763.403,112,
763.524,91,
763.645,121,
763.766,123,
763.887,178,
764.009,183,
764.13,167,
764.251,165,
764.372,146,
764.493,123,
764.614,146,
764.735,148,
764.856,155,
764.977,159,
765.098,141,
765.219,156,
765.34,187,
765.461,185,
765.582,166,
765.702,156,
765.823,180,
765.944,162,
766.065,210,
766.186,265,
766.306,226,
766.427,299,
766.548,417,
766.668,958,
766.789,4250,
766.91,10006,
767.03,5244,
767.151,1542,
767.272,711,
767.392,471,
767.513,337,
767.633,276,
767.754,228,
767.874,217,
767.995,195,
768.115,170,
768.235,178,
768.356,164,
768.476,166,
768.596,202,
768.717,187,
768.837,167,
768.957,176,
769.078,203,
769.198,167,
769.318,151,
769.438,178,
769.558,179,
769.679,192,
769.799,216,
769.919,231,
770.039,486,
770.159,1691,
770.279,6881,
770.399,5651,
770.519,1399,
770.639,576,
770.759,325,
770.879,289,
770.999,250,
771.119,215,
771.239,220,
771.358,200,
771.478,155,
771.598,195,
771.718,156,
771.838,172,
771.957,173,
772.077,151,
772.197,164,
772.316,197,
772.436,153,
772.556,158,
772.675,129,
772.795,163,
772.915,171,
773.034,164,
773.154,169,
773.273,149,
773.393,167,
773.512,151,
773.632,161,
773.751,134,
773.87,180,
773.99,145,
774.109,123,
774.228,155,
774.348,172,
774.467,155,
774.586,169,
774.706,161,
774.825,169,
774.944,166,
775.063,146,
775.182,148,
775.302,157,
775.421,156,
775.54,171,
775.659,158,
775.778,155,
775.897,186,
776.016,201,
776.135,222,
776.254,176,
776.373,201,
776.492,227,
776.611,217,
776.73,264,
776.848,271,
776.967,323,
777.086,345,
777.205,444,
777.324,609,
777.442,1302,
777.561,2939,
777.68,3784,
777.799,3682,
777.917,3615,
778.036,2501,
778.155,1284,
778.273,775,
778.392,559,
778.51,433,
778.629,384,
778.747,304,
778.866,287,
778.984,239,
779.103,233,
779.221,213,
779.34,214,
779.458,200,
779.576,188,
779.695,160,
779.813,178,
779.931,196,
780.05,166,
780.168,163,
780.286,199,
780.404,449,
780.523,438,
780.641,203,
780.759,155,
780.877,199,
780.995,164,
781.113,150,
781.231,167,
781.349,171,
781.467,143,
781.585,167,
781.703,161,
781.821,176,
781.939,155,
782.057,160,
782.175,145,
782.293,144,
782.411,164,
782.528,164,
782.646,151,
782.764,188,
782.882,167,
783,120,
783.117,138,
783.235,167,
783.353,140,
783.47,135,
783.588,153,
783.706,134,
783.823,188,
783.941,181,
784.058,165,
784.176,141,
784.293,151,
784.411,147,
784.528,143,
784.646,169,
784.763,160,
784.88,190,
784.998,150,
785.115,150,
785.232,140,
785.35,166,
785.467,146,
785.584,153,
785.701,134,
785.819,157,
785.936,169,
786.053,148,
786.17,130,
786.287,163,
786.404,168,
786.521,164,
786.639,148,
786.756,132,
786.873,163,
786.99,143,
787.107,174,
787.223,153,
787.34,145,
787.457,150,
787.574,115,
787.691,135,
787.808,188,
787.925,153,
788.041,106,
788.158,149,
788.275,157,
788.392,158,
788.508,148,
788.625,161,
788.742,155,
788.858,132,
788.975,139,
789.092,146,
789.208,150,
789.325,146,
789.441,139,
789.558,149,
789.674,128,
789.791,127,
789.907,148,
790.024,148,
790.14,176,
790.256,155,
790.373,124,
790.489,136,
790.605,172,
790.722,125,
790.838,155,
790.954,160,
791.07,180,
791.187,158,
791.303,105,
791.419,166,
791.535,183,
791.651,175,
791.767,181,
791.883,174,
791.999,150,
792.115,189,
792.231,190,
792.347,181,
792.463,160,
792.579,165,
792.695,170,
792.811,167,
792.927,157,
793.043,164,
793.158,160,
793.274,144,
793.39,197,
793.506,151,
793.621,148,
793.737,153,
793.853,132,
793.969,137,
794.084,150,
794.2,178,
794.315,169,
794.431,164,
794.547,201,
794.662,176,
794.778,194,
794.893,183,
795.008,245,
795.124,460,
795.239,522,
795.355,331,
795.47,362,
795.585,365,
795.701,320,
795.816,255,
795.931,222,
796.047,161,
796.162,176,
796.277,152,
796.392,210,
796.507,171,
796.623,144,
796.738,179,
796.853,136,
796.968,127,
797.083,133,
797.198,155,
797.313,133,
797.428,147,
797.543,156,
797.658,179,
797.773,172,
797.888,141,
798.003,130,
798.117,163,
798.232,107,
798.347,99,
798.462,148,
798.577,141,
798.691,144,
798.806,139,
798.921,123,
799.035,165,
799.15,176,
799.265,148,
799.379,130,
799.494,118,
799.609,159,
799.723,134,
799.838,150,
799.952,130,
800.067,155,
800.181,167,
800.295,158,
800.41,113,
800.524,139,
800.639,167,
800.753,120,
800.867,109,
800.982,171,
801.096,150,
801.21,156,
801.324,141,
801.438,157,
801.553,132,
801.667,140,
801.781,128,
801.895,164,
802.009,141,
802.123,103,
802.237,139,
802.351,102,
802.465,121,
802.579,138,
802.693,141,
802.807,127,
802.921,133,
803.035,139,
803.149,141,
803.263,199,
803.376,137,
803.49,125,
803.604,144,
803.718,127,
803.831,139,
803.945,130,
804.059,143,
804.172,146,
804.286,125,
804.4,142,
804.513,162,
804.627,178,
804.74,122,
804.854,118,
804.967,160,
805.081,132,
805.194,138,
805.308,162,
805.421,118,
805.535,139,
805.648,142,
805.761,116,
805.875,150,
805.988,127,
806.101,157,
806.214,127,
806.328,123,
806.441,132,
806.554,133,
806.667,148,
806.78,128,
806.893,132,
807.006,142,
807.12,129,
807.233,135,
807.346,125,
807.459,125,
807.572,153,
807.685,143,
807.797,125,
807.91,123,
808.023,132,
808.136,97,
808.249,130,
808.362,150,
808.475,149,
808.587,141,
808.7,122,
808.813,128,
808.925,146,
809.038,151,
809.151,139,
809.263,132,
809.376,135,
809.489,132,
809.601,126,
809.714,130,
809.826,129,
809.939,121,
810.051,104,
810.164,109,
810.276,95,
810.388,150,
810.501,137,
810.613,135,
810.725,153,
810.838,166,
810.95,130,
811.062,130,
811.175,134,
811.287,139,
811.399,148,
811.511,158,
811.623,158,
811.735,146,
811.847,137,
811.96,178,
812.072,188,
812.184,139,
812.296,123,
812.408,165,
812.52,171,
812.632,136,
812.743,116,
812.855,144,
812.967,169,
813.079,171,
813.191,146,
813.303,158,
